000012.jpg 0 398 65 429 96 
000022.jpg 0 410 58 448 92 
000032.jpg 0 431 31 481 79 
000043.jpg 0 97 12 149 62 
000058.jpg 0 126 185 185 239 
000068.jpg 0 203 129 278 202 
000078.jpg 0 270 85 356 169 
000088.jpg 0 375 25 473 127 
000092.jpg 0 346 92 385 129 
000102.jpg 0 423 73 465 113 
000113.jpg 0 141 54 191 100 
000123.jpg 0 172 40 224 92 
000133.jpg 0 187 31 243 87 
000143.jpg 0 237 2 302 69 
000158.jpg 0 302 179 374 256 
000168.jpg 0 337 160 412 246 
000178.jpg 0 408 133 487 231 
000189.jpg 0 118 114 205 217 
000199.jpg 0 193 83 289 192 
000209.jpg 0 299 52 393 181 
000219.jpg 0 358 31 452 167 
000226.jpg 0 306 198 344 240 
000221.jpg 0 344 0 383 39 
000236.jpg 0 229 143 281 192 
000236.jpg 0 281 141 335 189 
000246.jpg 0 172 98 233 156 
000246.jpg 0 235 96 296 152 
000251.jpg 0 258 12 291 50 
000251.jpg 0 258 58 291 96 
000251.jpg 0 291 6 325 44 
000266.jpg 0 223 196 262 237 
000261.jpg 0 225 50 262 92 
000266.jpg 0 260 191 298 233 
000276.jpg 0 129 156 172 206 
000271.jpg 0 129 23 172 75 
000276.jpg 0 172 146 216 198 
000280.jpg 0 415 0 459 60 
000285.jpg 0 417 123 461 183 
000286.jpg 0 106 112 154 173 
000295.jpg 0 321 169 369 240 
000295.jpg 0 329 77 373 150 
000295.jpg 0 377 64 425 137 
000305.jpg 0 200 137 248 221 
000305.jpg 0 208 33 256 112 
000305.jpg 0 256 8 311 93 
000312.jpg 0 419 37 448 65 
000312.jpg 0 446 37 471 67 
000322.jpg 0 404 17 435 52 
000322.jpg 0 429 21 464 54 
000332.jpg 0 391 14 419 46 
000332.jpg 0 419 14 452 46 
000347.jpg 0 373 196 406 231 
000347.jpg 0 408 196 441 233 
000357.jpg 0 364 175 404 215 
000357.jpg 0 402 175 442 215 
000367.jpg 0 364 144 408 191 
000367.jpg 0 406 148 452 192 
000377.jpg 0 366 114 417 167 
000377.jpg 0 417 118 469 166 
000387.jpg 0 383 66 442 127 
000388.jpg 0 86 70 145 127 
000397.jpg 0 394 35 464 98 
000398.jpg 0 105 35 170 102 
000400.jpg 0 273 94 315 136 
000410.jpg 0 325 77 369 127 
000420.jpg 0 358 63 406 115 
000430.jpg 0 406 44 463 100 
000441.jpg 0 145 27 208 87 
000451.jpg 0 225 14 294 77 
000466.jpg 0 331 181 408 263 
000477.jpg 0 99 150 189 231 
000487.jpg 0 254 112 362 198 
000498.jpg 0 89 60 216 156 
000508.jpg 0 331 4 473 118 
000514.jpg 0 143 75 184 119 
000524.jpg 0 184 73 222 117 
000534.jpg 0 222 63 274 115 
000544.jpg 0 270 54 322 111 
000551.jpg 0 135 67 177 117 
000560.jpg 0 331 67 384 119 
000570.jpg 0 283 67 327 121 
000583.jpg 0 124 56 162 92 
000593.jpg 0 158 40 201 81 
000603.jpg 0 206 23 253 69 
000618.jpg 0 272 194 329 248 
000628.jpg 0 318 179 377 240 
000638.jpg 0 425 139 494 212 
000649.jpg 0 147 110 222 192 
000659.jpg 0 243 75 320 169 
000669.jpg 0 370 37 449 146 
000673.jpg 0 423 33 479 92 
000689.jpg 0 429 152 487 242 
000693.jpg 0 301 44 339 85 
000693.jpg 0 301 81 339 119 
000693.jpg 0 333 46 372 85 
000693.jpg 0 337 83 372 123 
000703.jpg 0 437 23 483 69 
000703.jpg 0 437 67 483 117 
000704.jpg 0 126 23 168 77 
000704.jpg 0 126 71 170 123 
000714.jpg 0 182 2 230 60 
000714.jpg 0 182 56 232 113 
000714.jpg 0 226 6 276 65 
000714.jpg 0 230 60 280 119 
000729.jpg 0 307 171 362 237 
000724.jpg 0 307 35 368 102 
000729.jpg 0 358 177 410 240 
000724.jpg 0 364 40 416 108 
000733.jpg 0 437 58 491 115 
000744.jpg 0 138 50 187 108 
000754.jpg 0 193 46 249 108 
000764.jpg 0 339 31 406 102 
000774.jpg 0 429 23 493 98 
000782.jpg 0 387 33 417 69 
000782.jpg 0 387 73 421 110 
000792.jpg 0 398 29 435 69 
000792.jpg 0 400 75 435 115 
000802.jpg 0 410 17 448 58 
000802.jpg 0 410 63 450 106 
000812.jpg 0 425 10 464 52 
000812.jpg 0 425 60 465 102 
000822.jpg 0 439 4 481 48 
000822.jpg 0 441 60 479 96 
000837.jpg 0 450 192 494 240 
000832.jpg 0 456 48 496 94 
000848.jpg 0 114 181 162 233 
000843.jpg 0 116 40 160 87 
000858.jpg 0 135 171 182 221 
000853.jpg 0 137 33 185 81 
000868.jpg 0 158 150 212 210 
000863.jpg 0 162 21 214 75 
000878.jpg 0 185 139 241 200 
000873.jpg 0 185 12 245 69 
000888.jpg 0 214 118 281 185 
000888.jpg 0 224 194 279 260 
000898.jpg 0 251 87 324 164 
000898.jpg 0 260 179 326 250 
000908.jpg 0 295 54 372 141 
000908.jpg 0 310 162 381 231 
000918.jpg 0 354 25 437 112 
000918.jpg 0 368 129 445 221 
000929.jpg 0 88 104 174 202 
000939.jpg 0 184 66 291 177 
000949.jpg 0 326 10 429 144 
000958.jpg 0 422 167 462 214 
000953.jpg 0 427 10 462 58 
000959.jpg 0 107 173 147 215 
000954.jpg 0 107 17 145 60 
000969.jpg 0 193 129 241 185 
000969.jpg 0 195 183 245 237 
000969.jpg 0 239 137 285 194 
000969.jpg 0 241 189 285 242 
000979.jpg 0 282 100 331 162 
000979.jpg 0 285 162 335 225 
000979.jpg 0 330 110 376 177 
000979.jpg 0 333 171 379 231 
000989.jpg 0 389 77 441 144 
000989.jpg 0 395 141 445 210 
000989.jpg 0 435 87 481 158 
000989.jpg 0 441 148 489 219 
000998.jpg 0 187 112 228 162 
001008.jpg 0 241 68 289 123 
001018.jpg 0 262 48 312 104 
001028.jpg 0 295 18 350 75 
001034.jpg 0 159 15 203 73 
001034.jpg 0 161 65 205 119 
001034.jpg 0 203 73 241 125 
001049.jpg 0 251 196 299 260 
001044.jpg 0 253 58 299 119 
001044.jpg 0 297 62 337 121 
001054.jpg 0 132 50 180 106 
001064.jpg 0 287 54 324 100 
001064.jpg 0 287 144 328 198 
001064.jpg 0 326 56 355 104 
001072.jpg 0 345 33 383 79 
001082.jpg 0 354 33 393 79 
001092.jpg 0 368 31 406 71 
001102.jpg 0 373 25 414 69 
001112.jpg 0 373 21 414 67 
001122.jpg 0 373 17 416 62 
001132.jpg 0 373 14 416 56 
001142.jpg 0 377 6 421 54 
001157.jpg 0 379 196 431 250 
001167.jpg 0 393 194 441 242 
001177.jpg 0 410 187 462 242 
001187.jpg 0 431 181 485 240 
001198.jpg 0 87 173 147 233 
001208.jpg 0 107 171 168 233 
001218.jpg 0 114 164 176 227 
001228.jpg 0 124 160 191 225 
001238.jpg 0 137 152 199 217 
001248.jpg 0 145 148 208 219 
001258.jpg 0 153 141 222 212 
001268.jpg 0 164 139 231 206 
001278.jpg 0 170 133 245 204 
001288.jpg 0 178 125 254 198 
001298.jpg 0 185 118 262 196 
001308.jpg 0 197 108 270 187 
001318.jpg 0 201 102 283 183 
001328.jpg 0 212 96 291 175 
001338.jpg 0 218 91 301 173 
001348.jpg 0 228 87 314 173 
001358.jpg 0 237 83 322 171 
001368.jpg 0 245 77 331 169 
001378.jpg 0 253 71 333 164 
001388.jpg 0 251 71 347 152 
001398.jpg 0 264 66 352 154 
001408.jpg 0 270 58 356 152 
001418.jpg 0 276 60 368 148 
001428.jpg 0 283 48 375 141 
001438.jpg 0 295 47 383 141 
001448.jpg 0 299 41 397 139 
001458.jpg 0 310 35 410 135 
001468.jpg 0 324 25 422 127 
001478.jpg 0 335 25 431 123 
001488.jpg 0 345 16 445 121 
001498.jpg 0 360 12 460 110 
001508.jpg 0 375 2 470 112 
001518.jpg 0 387 0 487 108 
001546.jpg 0 202 144 239 183 
001546.jpg 0 204 108 241 144 
001546.jpg 0 241 104 283 146 
001556.jpg 0 145 102 191 148 
001556.jpg 0 147 56 193 100 
001556.jpg 0 195 56 239 98 
001566.jpg 0 104 77 160 125 
001566.jpg 0 112 23 162 73 
001566.jpg 0 162 20 216 71 
001572.jpg 1 237 108 279 154 
001581.jpg 1 337 106 381 156 
001591.jpg 1 189 113 235 167 
001601.jpg 1 150 106 196 163 
001611.jpg 1 158 100 204 165 
001620.jpg 1 406 71 467 148 
001630.jpg 1 237 58 296 152 
001640.jpg 1 304 63 340 102 
001650.jpg 1 287 63 319 100 
001660.jpg 1 273 62 302 96 
001670.jpg 1 262 60 290 94 
001680.jpg 1 252 58 283 92 
001690.jpg 1 246 50 279 92 
001700.jpg 1 240 48 273 94 
001700.jpg 1 240 50 273 94 
001710.jpg 1 240 48 273 94 
001720.jpg 1 239 48 273 90 
001730.jpg 1 239 48 273 90 
001740.jpg 1 235 42 271 90 
001750.jpg 1 231 40 271 88 
001760.jpg 1 231 39 271 87 
001770.jpg 1 231 29 271 79 
001780.jpg 1 233 27 275 79 
001790.jpg 1 240 27 281 79 
001800.jpg 1 240 21 290 77 
001810.jpg 1 240 17 294 75 
001820.jpg 1 240 17 294 75 
001830.jpg 1 242 8 298 69 
001845.jpg 1 194 181 260 254 
001855.jpg 1 177 171 248 246 
001865.jpg 1 156 160 233 240 
001875.jpg 1 133 141 215 233 
001885.jpg 1 102 125 191 223 
001895.jpg 1 62 110 156 215 
001905.jpg 1 14 83 118 200 
001911.jpg 1 396 69 433 108 
001921.jpg 1 106 40 145 85 
001931.jpg 1 314 27 375 90 
001943.jpg 1 103 33 187 125 
001954.jpg 1 166 6 270 135 
001964.jpg 10 243 85 274 129 
001974.jpg 10 366 73 403 125 
001980.jpg 10 263 81 294 121 
001995.jpg 10 131 187 181 287 
002005.jpg 10 14 164 77 271 
002010.jpg 10 325 106 361 165 
002020.jpg 10 244 100 290 161 
002030.jpg 10 152 96 208 163 
002040.jpg 10 273 96 304 127 
002050.jpg 10 250 96 281 127 
002060.jpg 10 227 92 260 129 
002070.jpg 10 212 88 237 123 
002080.jpg 10 189 85 215 121 
002090.jpg 10 160 83 191 121 
002100.jpg 10 125 81 156 119 
002110.jpg 10 85 83 116 125 
002120.jpg 10 41 77 75 123 
002130.jpg 10 0 81 29 125 
002141.jpg 12 365 67 415 108 
002151.jpg 12 329 40 390 88 
002161.jpg 12 273 14 348 73 
002176.jpg 12 172 150 275 229 
002186.jpg 12 83 100 206 200 
002194.jpg 12 166 58 201 108 
002204.jpg 12 293 40 324 96 
002218.jpg 12 393 185 431 221 
002228.jpg 12 331 175 372 217 
002238.jpg 12 170 173 216 212 
002248.jpg 12 137 171 178 212 
002257.jpg 12 412 173 454 214 
002267.jpg 12 402 143 448 185 
002277.jpg 12 393 114 444 158 
002287.jpg 12 325 141 385 192 
002297.jpg 12 195 154 258 210 
002306.jpg 12 379 125 444 187 
002316.jpg 12 233 108 302 171 
002325.jpg 12 419 110 494 177 
002335.jpg 12 223 98 308 171 
002345.jpg 12 116 106 200 179 
002351.jpg 12 425 104 467 144 
002361.jpg 12 394 94 446 135 
002371.jpg 12 358 73 412 117 
002381.jpg 12 306 54 367 106 
002391.jpg 12 271 42 342 102 
002401.jpg 12 172 12 260 87 
002416.jpg 12 100 185 200 269 
002425.jpg 12 361 150 477 252 
002435.jpg 12 39 37 187 210 
002442.jpg 12 318 56 352 90 
002452.jpg 12 325 50 364 87 
002462.jpg 12 356 42 396 79 
002472.jpg 12 364 40 402 77 
002482.jpg 12 369 33 412 73 
002492.jpg 12 375 25 419 67 
002502.jpg 12 377 15 427 63 
002512.jpg 12 387 8 433 58 
002522.jpg 12 393 0 441 46 
002537.jpg 12 393 191 444 244 
002547.jpg 12 396 187 452 240 
002557.jpg 12 404 179 465 235 
002567.jpg 12 410 166 473 223 
002577.jpg 12 423 150 487 212 
002588.jpg 12 95 123 168 196 
002598.jpg 12 295 4 404 112 
002608.jpg 12 306 198 352 256 
002618.jpg 12 343 187 383 244 
002628.jpg 12 412 160 452 229 
002639.jpg 12 211 121 289 198 
002649.jpg 12 305 93 383 183 
002652.jpg 12 97 71 151 123 
002661.jpg 12 433 63 492 113 
002671.jpg 12 379 46 446 106 
002681.jpg 12 298 8 381 85 
002696.jpg 12 243 189 331 273 
002705.jpg 12 239 16 386 175 
002713.jpg 12 295 50 350 115 
002723.jpg 12 339 42 397 119 
002734.jpg 12 93 17 157 102 
002749.jpg 12 170 196 234 296 
002759.jpg 12 264 179 328 285 
002769.jpg 12 389 154 443 287 
002773.jpg 12 291 42 347 100 
002783.jpg 12 350 29 410 96 
002793.jpg 12 429 14 489 90 
002809.jpg 12 170 194 234 277 
002819.jpg 12 303 173 362 269 
002829.jpg 12 251 116 305 175 
002839.jpg 12 314 100 366 162 
002849.jpg 12 378 81 431 150 
002853.jpg 12 203 62 251 111 
002863.jpg 12 245 50 299 117 
002873.jpg 12 368 33 429 100 
002884.jpg 12 97 12 166 92 
002899.jpg 12 205 187 282 285 
002909.jpg 12 353 158 431 271 
002912.jpg 12 250 98 297 136 
002922.jpg 12 287 96 327 135 
002932.jpg 12 333 98 387 142 
002942.jpg 12 369 100 417 148 
002942.jpg 12 375 98 414 142 
002953.jpg 12 124 85 180 142 
002963.jpg 12 210 73 264 131 
002973.jpg 12 249 79 308 138 
002983.jpg 12 291 73 354 142 
002993.jpg 12 331 71 397 140 
003003.jpg 12 370 62 437 135 
003013.jpg 12 416 60 481 136 
003024.jpg 12 159 50 234 136 
003034.jpg 12 212 35 297 127 
003042.jpg 12 302 100 333 131 
003052.jpg 12 302 98 339 131 
003062.jpg 12 304 96 341 131 
003072.jpg 12 310 92 348 125 
003082.jpg 12 312 92 356 129 
003092.jpg 12 321 94 362 129 
003102.jpg 12 333 92 375 135 
003112.jpg 12 341 92 385 133 
003122.jpg 12 343 90 387 133 
003132.jpg 12 346 92 391 135 
003142.jpg 12 352 88 400 135 
003152.jpg 12 362 87 412 133 
003162.jpg 12 369 85 417 133 
003172.jpg 12 375 83 425 129 
003182.jpg 12 385 75 439 131 
003192.jpg 12 394 73 446 123 
003202.jpg 12 400 67 456 117 
003212.jpg 12 410 65 465 117 
003222.jpg 12 423 60 477 117 
003232.jpg 12 441 54 498 115 
003243.jpg 12 97 52 162 106 
003253.jpg 12 112 44 178 113 
003263.jpg 12 132 39 197 110 
003273.jpg 12 147 31 216 102 
003283.jpg 12 170 23 237 100 
003293.jpg 12 185 15 258 90 
003303.jpg 12 205 8 281 88 
003313.jpg 12 231 2 312 94 
003328.jpg 12 264 191 347 288 
003338.jpg 12 291 179 381 288 
003348.jpg 12 327 160 425 271 
003358.jpg 12 377 150 471 275 
003369.jpg 12 78 135 176 262 
003379.jpg 12 143 116 239 258 
003389.jpg 12 214 93 318 248 
003399.jpg 12 295 62 404 239 
003403.jpg 12 268 50 304 90 
003413.jpg 12 301 40 343 83 
003423.jpg 12 374 29 416 75 
003434.jpg 12 157 60 189 96 
003449.jpg 12 166 187 209 254 
003457.jpg 12 441 173 490 225 
003468.jpg 12 228 171 287 221 
003478.jpg 12 329 160 387 215 
003488.jpg 12 427 144 483 204 
003499.jpg 12 209 108 274 185 
003509.jpg 12 356 75 429 167 
003511.jpg 12 375 35 423 83 
003521.jpg 12 300 17 365 69 
003536.jpg 12 241 187 312 250 
003546.jpg 12 208 177 277 242 
003556.jpg 12 97 133 189 215 
003568.jpg 12 310 137 339 194 
003571.jpg 12 433 4 467 46 
003583.jpg 12 218 52 260 92 
003598.jpg 12 429 189 479 256 
003609.jpg 12 264 156 312 233 
003611.jpg 12 362 0 396 37 
003620.jpg 13 333 81 375 125 
003630.jpg 13 281 77 325 123 
003640.jpg 13 177 79 223 131 
003650.jpg 13 62 83 108 135 
003653.jpg 13 109 56 149 108 
003660.jpg 13 2 81 47 138 
003662.jpg 13 414 54 458 108 
003672.jpg 13 366 48 412 100 
003682.jpg 13 262 44 312 100 
003691.jpg 13 404 37 460 94 
003701.jpg 13 364 31 421 92 
003711.jpg 13 321 31 383 92 
003721.jpg 13 268 27 321 92 
003731.jpg 13 246 23 306 92 
003741.jpg 13 250 23 308 92 
003751.jpg 13 248 14 314 85 
003761.jpg 13 250 2 317 79 
003776.jpg 13 254 196 321 269 
003786.jpg 13 252 191 327 271 
003796.jpg 13 260 187 329 269 
003806.jpg 13 258 162 339 252 
003816.jpg 13 260 152 352 250 
003826.jpg 13 314 133 417 240 
003836.jpg 13 367 123 467 233 
003847.jpg 13 60 112 168 227 
003857.jpg 13 114 96 227 217 
003867.jpg 13 179 85 293 200 
003877.jpg 13 245 70 371 198 
003887.jpg 13 325 56 456 196 
003898.jpg 13 49 37 193 181 
003908.jpg 13 160 16 304 177 
003918.jpg 13 278 2 427 169 
003929.jpg 13 43 6 211 150 
003930.jpg 13 336 104 381 144 
003933.jpg 13 189 92 226 127 
003940.jpg 13 192 96 233 140 
003943.jpg 13 254 77 295 121 
003950.jpg 13 60 87 110 138 
003963.jpg 13 339 50 391 108 
003974.jpg 13 118 17 182 88 
003989.jpg 13 255 192 328 281 
003999.jpg 13 341 177 418 275 
004003.jpg 13 199 94 233 129 
004013.jpg 13 258 92 295 127 
004023.jpg 13 458 81 494 125 
004034.jpg 13 314 83 351 131 
004044.jpg 13 422 73 464 125 
004051.jpg 13 216 69 250 104 
004061.jpg 13 120 44 162 87 
004070.jpg 13 423 35 465 79 
004080.jpg 13 285 8 333 67 
004095.jpg 13 100 175 150 244 
004101.jpg 13 321 23 387 88 
004116.jpg 13 212 171 296 256 
004126.jpg 13 158 146 252 240 
004136.jpg 13 87 118 195 219 
004145.jpg 13 354 73 469 200 
004155.jpg 13 371 39 490 171 
004162.jpg 13 118 92 158 129 
004173.jpg 13 145 90 187 131 
004183.jpg 13 145 73 193 119 
004193.jpg 13 212 50 264 106 
004203.jpg 13 327 33 393 100 
004214.jpg 13 74 8 147 85 
004229.jpg 13 209 185 295 279 
004231.jpg 13 450 71 496 115 
004241.jpg 13 408 54 460 102 
004251.jpg 13 423 73 467 121 
004261.jpg 13 394 31 454 83 
004271.jpg 13 365 21 419 90 
004286.jpg 13 308 187 381 252 
004296.jpg 13 220 135 314 217 
004306.jpg 13 39 47 166 173 
004311.jpg 13 362 35 419 88 
004321.jpg 13 319 8 385 77 
004336.jpg 13 260 173 339 260 
004346.jpg 13 187 139 287 229 
004354.jpg 13 157 102 191 138 
004364.jpg 13 209 100 241 140 
004374.jpg 13 260 102 295 140 
004384.jpg 13 318 104 355 148 
004394.jpg 13 379 100 420 150 
004404.jpg 13 452 96 489 148 
004413.jpg 13 370 113 402 150 
004423.jpg 13 393 108 425 146 
004433.jpg 13 420 104 454 140 
004443.jpg 13 446 100 481 138 
004454.jpg 13 130 102 161 140 
004464.jpg 13 163 96 199 138 
004474.jpg 13 207 100 237 144 
004484.jpg 13 255 94 291 142 
004494.jpg 13 308 87 347 133 
004504.jpg 13 366 88 408 140 
004514.jpg 13 431 92 475 150 
004523.jpg 13 99 71 149 127 
004533.jpg 13 109 56 162 115 
004543.jpg 13 130 31 193 106 
004553.jpg 13 139 25 205 100 
004563.jpg 13 158 8 235 90 
004578.jpg 13 214 173 301 267 
004588.jpg 13 258 148 347 256 
004598.jpg 13 299 127 398 246 
004608.jpg 13 347 100 450 231 
004618.jpg 13 364 95 473 227 
004629.jpg 13 76 56 193 215 
004639.jpg 13 97 47 220 208 
004649.jpg 13 161 31 282 196 
004659.jpg 13 211 4 335 187 
004661.jpg 13 266 27 331 90 
004671.jpg 13 227 14 292 79 
004686.jpg 13 173 198 250 275 
004696.jpg 13 124 185 204 267 
004706.jpg 13 70 173 156 250 
004715.jpg 13 369 146 450 237 
004725.jpg 13 288 116 390 221 
004731.jpg 13 385 73 429 119 
004741.jpg 13 383 71 421 113 
004751.jpg 13 373 60 417 104 
004761.jpg 13 369 54 412 104 
004771.jpg 13 356 56 402 104 
004781.jpg 13 344 50 396 104 
004791.jpg 13 321 40 373 96 
004801.jpg 13 308 29 362 90 
004811.jpg 13 250 4 319 73 
004826.jpg 13 227 189 300 265 
004836.jpg 13 204 177 279 256 
004846.jpg 13 177 164 254 242 
004856.jpg 13 145 143 218 233 
004866.jpg 13 106 119 183 210 
004876.jpg 13 58 91 152 192 
004885.jpg 13 358 64 454 177 
004895.jpg 13 281 33 396 158 
004903.jpg 13 331 117 368 161 
004913.jpg 13 347 117 385 161 
004923.jpg 13 362 117 400 158 
004933.jpg 13 379 115 418 154 
004943.jpg 13 439 108 477 150 
004954.jpg 13 107 110 145 154 
004964.jpg 13 149 111 189 156 
004974.jpg 13 174 111 214 158 
004984.jpg 13 191 111 235 156 
004994.jpg 13 214 110 257 161 
005004.jpg 13 237 111 282 159 
005014.jpg 13 343 110 391 169 
005024.jpg 13 408 104 454 167 
005034.jpg 13 451 102 493 169 
005043.jpg 13 398 113 441 161 
005053.jpg 13 410 111 456 161 
005063.jpg 13 423 111 471 161 
005070.jpg 13 429 27 467 69 
005073.jpg 13 441 110 487 163 
005080.jpg 13 415 23 455 67 
005084.jpg 13 105 113 147 163 
005090.jpg 13 404 19 446 65 
005100.jpg 13 394 15 434 63 
005104.jpg 13 139 115 187 161 
005110.jpg 13 383 14 423 56 
005114.jpg 13 161 113 209 167 
005120.jpg 13 369 8 417 58 
005124.jpg 13 184 115 230 169 
005134.jpg 13 205 108 249 163 
005144.jpg 13 224 113 274 169 
005154.jpg 13 249 113 297 167 
005165.jpg 13 315 191 369 246 
005164.jpg 13 270 113 316 163 
005174.jpg 13 293 108 339 167 
005185.jpg 13 285 185 338 240 
005184.jpg 13 310 110 358 169 
005195.jpg 13 265 177 319 237 
005194.jpg 13 331 108 379 173 
005204.jpg 13 355 110 401 177 
005215.jpg 13 219 164 277 227 
005214.jpg 13 376 113 422 171 
005225.jpg 13 202 162 256 225 
005224.jpg 13 393 111 439 171 
005234.jpg 13 416 111 462 175 
005245.jpg 13 144 146 202 212 
005244.jpg 13 437 113 481 175 
005255.jpg 13 114 144 171 208 
005265.jpg 13 85 135 146 204 
005275.jpg 13 50 125 116 204 
005285.jpg 13 22 119 83 192 
005293.jpg 13 446 19 498 77 
005304.jpg 13 153 10 203 69 
005319.jpg 13 220 196 270 263 
005329.jpg 13 406 173 460 256 
005330.jpg 13 429 62 463 104 
005340.jpg 13 315 44 359 96 
005350.jpg 13 260 37 302 87 
005360.jpg 13 194 27 233 81 
005370.jpg 13 112 12 156 77 
005389.jpg 14 191 183 237 235 
005399.jpg 14 241 171 280 215 
005409.jpg 14 291 160 330 212 
005417.jpg 14 400 194 441 235 
005427.jpg 14 423 167 471 219 
005437.jpg 14 437 152 489 208 
005448.jpg 14 99 129 155 189 
005458.jpg 14 128 116 182 177 
005468.jpg 14 151 85 216 150 
005478.jpg 14 189 50 258 121 
005488.jpg 14 235 2 314 87 
005499.jpg 14 130 187 170 235 
005509.jpg 14 218 166 262 215 
005519.jpg 14 280 146 318 206 
005529.jpg 14 341 137 387 194 
005539.jpg 14 412 118 460 181 
005540.jpg 14 431 37 477 92 
005550.jpg 14 392 21 442 79 
005560.jpg 14 310 4 369 71 
005575.jpg 14 263 196 315 263 
005585.jpg 14 200 187 260 260 
005595.jpg 14 139 171 198 250 
005605.jpg 14 62 158 127 244 
005611.jpg 14 277 69 316 113 
005621.jpg 14 246 65 292 117 
005631.jpg 14 227 62 277 113 
005641.jpg 14 196 52 246 106 
005651.jpg 14 168 46 220 98 
005661.jpg 14 135 35 187 92 
005671.jpg 14 104 21 154 83 
005680.jpg 14 436 17 494 85 
005690.jpg 14 417 21 473 85 
005700.jpg 14 311 40 377 104 
005700.jpg 14 388 8 446 73 
005710.jpg 14 240 37 300 108 
005715.jpg 14 313 194 383 273 
005720.jpg 14 196 19 258 102 
005725.jpg 14 275 181 344 262 
005735.jpg 14 204 160 269 250 
005740.jpg 14 37 2 110 88 
005745.jpg 14 127 150 198 239 
005755.jpg 14 91 137 166 235 
005765.jpg 14 75 135 156 237 
005775.jpg 14 22 125 96 233 
005785.jpg 14 2 119 66 221 
005791.jpg 14 208 44 254 94 
005801.jpg 14 173 33 223 88 
005811.jpg 14 127 15 179 73 
005825.jpg 14 413 192 475 258 
005830.jpg 14 254 4 323 77 
005835.jpg 14 348 169 407 242 
005845.jpg 14 154 177 219 260 
005845.jpg 14 248 137 317 219 
005855.jpg 14 118 96 196 198 
005865.jpg 14 4 54 83 167 
005876.jpg 14 331 183 362 217 
005886.jpg 14 200 167 237 206 
005895.jpg 14 407 177 440 215 
005905.jpg 14 212 166 250 210 
005912.jpg 14 393 37 419 63 
005913.jpg 14 178 37 205 63 
005922.jpg 14 375 19 406 50 
005923.jpg 14 172 17 203 52 
005932.jpg 14 358 12 391 46 
005933.jpg 14 168 12 199 44 
005947.jpg 14 339 196 373 233 
005948.jpg 14 166 196 199 229 
005957.jpg 14 325 175 366 214 
005958.jpg 14 174 175 212 214 
005967.jpg 14 321 148 368 191 
005968.jpg 14 193 144 235 192 
005977.jpg 14 318 118 368 166 
005978.jpg 14 226 119 272 167 
005987.jpg 14 325 66 383 127 
005988.jpg 14 276 73 333 133 
005997.jpg 14 327 33 394 96 
005998.jpg 14 310 47 370 110 
006008.jpg 14 358 8 422 75 
006016.jpg 14 310 41 340 98 
006026.jpg 14 283 2 321 70 
006047.jpg 14 243 175 275 208 
006057.jpg 14 243 164 275 192 
006067.jpg 14 239 143 277 187 
006077.jpg 14 237 127 281 171 
006077.jpg 14 239 129 281 167 
006087.jpg 14 229 41 291 102 
006096.jpg 14 373 0 410 68 
006107.jpg 14 225 0 293 66 
006116.jpg 14 360 4 396 71 
006126.jpg 14 173 64 204 127 
006135.jpg 14 454 89 484 144 
006147.jpg 14 172 62 202 118 
006157.jpg 14 218 56 254 116 
006167.jpg 14 373 39 402 96 
006177.jpg 14 416 31 450 91 
006188.jpg 14 155 18 185 77 
006198.jpg 14 195 10 226 75 
006208.jpg 14 239 6 268 70 
006228.jpg 14 326 0 354 62 
006246.jpg 14 410 175 450 229 
006256.jpg 14 396 167 446 223 
006266.jpg 14 383 158 435 215 
006276.jpg 14 373 144 423 206 
006286.jpg 14 358 131 415 196 
006296.jpg 14 342 116 400 183 
006306.jpg 14 319 106 385 167 
006316.jpg 14 296 85 364 160 
006326.jpg 14 273 68 350 139 
006336.jpg 14 248 39 321 121 
006346.jpg 14 214 12 292 96 
006352.jpg 14 320 25 350 60 
006362.jpg 14 331 6 369 42 
006377.jpg 14 352 181 402 227 
006387.jpg 14 387 152 439 204 
006397.jpg 14 423 104 483 167 
006408.jpg 14 122 33 197 118 
006416.jpg 14 106 189 156 235 
006425.jpg 14 423 183 475 237 
006435.jpg 14 381 162 431 219 
006445.jpg 14 327 146 388 210 
006455.jpg 14 298 133 359 200 
006465.jpg 14 269 123 329 194 
006475.jpg 14 198 91 265 175 
006485.jpg 14 112 66 183 152 
006495.jpg 14 60 43 127 133 
006507.jpg 14 260 118 310 175 
006517.jpg 14 266 85 320 150 
006527.jpg 14 273 6 346 83 
006536.jpg 14 402 93 456 146 
006546.jpg 14 387 66 444 125 
006556.jpg 14 375 41 442 108 
006566.jpg 14 371 10 440 81 
006573.jpg 14 266 2 314 52 
006588.jpg 14 291 192 335 248 
006598.jpg 14 352 175 400 233 
006608.jpg 14 427 152 479 215 
006619.jpg 14 116 135 170 204 
006629.jpg 14 224 112 280 187 
006639.jpg 14 291 96 349 175 
006649.jpg 14 364 77 424 158 
006654.jpg 14 326 106 356 150 
006665.jpg 14 166 102 227 187 
006675.jpg 14 104 85 166 173 
006685.jpg 14 35 66 112 164 
006695.jpg 14 2 64 75 154 
006706.jpg 14 294 146 335 183 
006716.jpg 14 200 112 250 156 
006726.jpg 14 122 79 168 129 
006735.jpg 14 411 62 467 108 
006745.jpg 14 369 29 429 87 
006755.jpg 14 342 12 404 70 
006766.jpg 14 398 177 442 225 
006776.jpg 14 396 156 442 204 
006786.jpg 14 373 129 431 187 
006796.jpg 14 292 71 365 144 
006806.jpg 14 218 18 294 102 
006810.jpg 15 192 106 231 152 
006820.jpg 15 148 106 187 152 
006830.jpg 15 108 104 146 150 
006840.jpg 15 85 102 125 152 
006850.jpg 15 454 83 492 129 
006862.jpg 17 441 92 479 133 
006873.jpg 17 122 81 164 129 
006883.jpg 17 132 77 180 127 
006893.jpg 17 178 65 233 125 
006903.jpg 17 201 60 253 119 
006913.jpg 17 247 46 308 110 
006923.jpg 17 306 27 377 100 
006938.jpg 17 391 196 471 290 
006949.jpg 17 88 177 182 275 
006959.jpg 17 161 160 245 267 
006969.jpg 17 234 137 328 256 
006979.jpg 17 335 102 431 237 
006982.jpg 17 375 104 408 142 
006992.jpg 17 387 106 414 142 
007002.jpg 17 389 106 419 142 
007012.jpg 17 394 104 425 142 
007022.jpg 17 402 98 435 136 
007032.jpg 17 408 96 444 136 
007042.jpg 17 417 96 456 135 
007052.jpg 17 425 94 465 135 
007062.jpg 17 437 88 479 136 
007072.jpg 17 448 88 496 135 
007083.jpg 17 109 81 158 131 
007093.jpg 17 122 77 172 135 
007103.jpg 17 139 71 193 127 
007113.jpg 17 157 69 212 127 
007123.jpg 17 178 65 235 127 
007133.jpg 17 197 60 256 121 
007143.jpg 17 247 42 316 113 
007153.jpg 17 278 27 352 108 
007163.jpg 17 316 19 393 104 
007173.jpg 17 356 4 445 96 
007189.jpg 17 51 187 145 290 
007199.jpg 17 109 171 214 285 
007209.jpg 17 189 148 289 273 
007219.jpg 17 280 123 385 252 
007226.jpg 18 191 198 223 240 
007236.jpg 18 281 191 317 235 
007246.jpg 18 385 183 417 223 
007257.jpg 18 133 175 168 221 
007267.jpg 18 249 169 277 219 
007277.jpg 18 360 167 396 212 
007288.jpg 18 124 164 158 212 
007298.jpg 18 245 167 281 210 
007308.jpg 18 362 167 400 210 
007319.jpg 18 122 166 155 212 
007329.jpg 18 232 167 266 214 
007339.jpg 18 341 167 374 215 
007349.jpg 18 445 166 483 219 
007353.jpg 19 414 23 445 54 
007363.jpg 19 381 21 412 52 
007373.jpg 19 347 19 377 52 
007383.jpg 19 316 12 347 46 
007393.jpg 19 285 8 318 44 
007403.jpg 19 254 6 287 40 
007413.jpg 19 222 0 254 39 
007428.jpg 19 193 198 224 229 
007438.jpg 19 160 189 195 229 
007448.jpg 19 132 181 166 223 
007457.jpg 19 460 177 496 219 
007467.jpg 19 433 169 471 214 
007477.jpg 19 410 160 450 206 
007487.jpg 19 387 152 433 198 
007497.jpg 19 371 146 417 192 
007507.jpg 19 354 137 402 185 
007517.jpg 19 339 121 381 173 
007527.jpg 19 318 114 366 164 
007537.jpg 19 302 98 356 154 
007547.jpg 19 293 83 348 137 
007557.jpg 19 279 68 341 125 
007567.jpg 19 275 45 341 110 
007577.jpg 19 279 22 341 87 
007587.jpg 19 281 0 348 70 
007598.jpg 19 132 189 170 229 
007608.jpg 19 139 179 178 221 
007618.jpg 19 147 175 187 217 
007628.jpg 19 147 164 189 212 
007638.jpg 19 155 152 197 198 
007648.jpg 19 162 144 205 191 
007658.jpg 19 168 125 216 175 
007668.jpg 19 182 114 230 164 
007678.jpg 19 197 91 245 144 
007688.jpg 19 220 68 274 125 
007698.jpg 19 249 43 308 102 
007708.jpg 19 281 10 343 79 
007714.jpg 19 222 10 255 46 
007724.jpg 19 266 2 299 37 
007739.jpg 19 316 192 351 231 
007749.jpg 19 379 185 412 225 
007759.jpg 19 451 173 489 215 
007768.jpg 19 312 146 350 189 
007778.jpg 19 366 106 412 156 
007789.jpg 19 91 64 145 121 
007803.jpg 2 431 63 473 106 
007814.jpg 2 116 58 157 100 
007824.jpg 2 153 46 199 94 
007834.jpg 2 203 40 247 88 
007844.jpg 2 316 25 362 83 
007853.jpg 2 345 88 381 127 
007863.jpg 2 383 88 418 129 
007874.jpg 2 109 73 151 117 
007884.jpg 2 159 63 203 113 
007894.jpg 2 218 56 266 104 
007903.jpg 2 316 81 360 123 
007913.jpg 2 364 75 406 123 
007923.jpg 2 418 54 464 111 
007934.jpg 2 128 52 174 106 
007944.jpg 2 305 23 360 90 
007953.jpg 2 260 69 299 106 
007963.jpg 2 347 50 387 98 
007974.jpg 2 126 25 182 85 
007989.jpg 2 362 173 429 262 
007994.jpg 2 186 87 218 121 
008004.jpg 2 295 77 328 119 
008014.jpg 2 439 65 474 111 
008024.jpg 2 310 63 349 104 
008034.jpg 2 412 48 452 96 
008043.jpg 2 412 75 446 110 
008054.jpg 2 178 54 216 96 
008064.jpg 2 285 35 328 90 
008075.jpg 2 256 198 313 269 
008085.jpg 2 160 177 227 263 
008095.jpg 2 48 152 116 248 
008103.jpg 2 122 88 149 119 
008113.jpg 2 124 69 153 102 
008123.jpg 2 130 52 166 88 
008133.jpg 2 153 10 203 63 
008148.jpg 2 180 196 233 248 
008158.jpg 2 214 164 281 223 
008168.jpg 2 279 106 352 187 
008178.jpg 2 381 33 473 131 
008182.jpg 2 356 69 396 108 
008192.jpg 2 366 63 419 106 
008202.jpg 2 402 31 456 85 
008212.jpg 2 416 17 477 77 
008223.jpg 2 74 4 145 67 
008238.jpg 2 95 187 178 260 
008248.jpg 2 147 135 254 219 
008258.jpg 2 205 93 314 198 
008263.jpg 2 245 44 285 83 
008273.jpg 2 306 27 356 75 
008283.jpg 2 349 10 398 65 
008298.jpg 2 393 198 446 258 
008309.jpg 2 153 167 218 235 
008319.jpg 2 234 143 310 221 
008329.jpg 2 333 123 412 208 
008333.jpg 2 105 62 157 115 
008343.jpg 2 182 37 249 102 
008353.jpg 2 220 25 281 96 
008363.jpg 2 253 14 327 85 
008373.jpg 2 291 4 368 83 
008388.jpg 2 337 183 416 265 
008399.jpg 2 99 135 193 239 
008409.jpg 2 168 106 274 225 
008419.jpg 2 257 73 379 204 
008423.jpg 2 116 73 158 117 
008433.jpg 2 149 62 193 108 
008443.jpg 2 187 48 239 102 
008453.jpg 2 210 40 268 96 
008463.jpg 2 274 23 337 85 
008473.jpg 2 314 10 379 79 
008488.jpg 2 356 196 433 271 
008498.jpg 2 412 181 494 262 
008509.jpg 2 130 162 211 246 
008519.jpg 2 212 137 308 235 
008529.jpg 2 326 112 420 219 
008531.jpg 2 406 48 454 102 
008541.jpg 2 348 17 410 88 
008551.jpg 2 325 2 396 77 
008566.jpg 2 285 167 369 258 
008572.jpg 2 354 106 396 150 
008582.jpg 2 379 92 435 150 
008592.jpg 2 421 83 475 138 
008603.jpg 2 89 67 158 138 
008613.jpg 2 130 58 203 131 
008623.jpg 2 180 37 268 129 
008633.jpg 2 253 10 368 123 
008649.jpg 2 28 164 168 311 
008659.jpg 2 266 95 431 296 
008666.jpg 2 314 192 379 273 
008676.jpg 2 269 177 348 267 
008686.jpg 2 202 127 291 227 
008696.jpg 2 158 121 256 225 
008706.jpg 2 108 93 216 214 
008716.jpg 2 52 71 172 194 
008725.jpg 2 336 31 465 167 
008733.jpg 2 97 44 166 106 
008743.jpg 2 126 37 199 98 
008753.jpg 2 153 29 220 96 
008763.jpg 2 172 21 253 92 
008773.jpg 2 201 8 287 81 
008788.jpg 2 239 192 326 269 
008798.jpg 2 281 169 381 260 
008808.jpg 2 339 144 446 246 
008813.jpg 2 262 12 306 50 
008823.jpg 2 279 4 326 44 
008838.jpg 2 299 198 347 240 
008848.jpg 2 322 194 368 239 
008858.jpg 2 341 187 393 233 
008868.jpg 2 364 179 418 227 
008878.jpg 2 395 177 443 225 
008888.jpg 2 418 164 475 217 
008899.jpg 2 95 162 151 210 
008909.jpg 2 130 148 193 204 
008919.jpg 2 170 146 230 204 
008929.jpg 2 214 135 270 196 
008939.jpg 2 249 125 312 189 
008949.jpg 2 303 116 362 181 
008959.jpg 2 349 106 412 179 
008969.jpg 2 403 100 464 171 
008973.jpg 2 385 115 427 158 
008983.jpg 2 391 115 435 159 
008993.jpg 2 397 115 439 159 
009003.jpg 2 400 113 443 158 
009013.jpg 2 408 111 450 159 
009023.jpg 2 414 113 458 159 
009033.jpg 2 423 113 466 156 
009043.jpg 2 429 108 475 161 
009053.jpg 2 439 110 483 159 
009063.jpg 2 446 110 496 159 
009074.jpg 2 107 113 149 163 
009084.jpg 2 113 108 161 159 
009094.jpg 2 126 108 170 159 
009104.jpg 2 147 102 199 158 
009114.jpg 2 163 108 211 158 
009124.jpg 2 178 100 226 158 
009134.jpg 2 193 96 241 152 
009144.jpg 2 207 100 262 154 
009154.jpg 2 232 92 278 154 
009164.jpg 2 247 92 301 158 
009174.jpg 2 274 96 328 156 
009184.jpg 2 299 90 351 156 
009194.jpg 2 322 87 378 156 
009204.jpg 2 353 92 406 158 
009214.jpg 2 378 94 435 161 
009224.jpg 2 408 94 462 163 
009234.jpg 2 445 92 487 165 
009243.jpg 20 374 37 414 77 
009253.jpg 20 389 35 425 75 
009263.jpg 20 408 29 446 73 
009273.jpg 20 423 25 468 67 
009283.jpg 20 446 21 485 67 
009294.jpg 20 115 19 153 60 
009304.jpg 20 136 14 178 58 
009314.jpg 20 163 6 207 52 
009324.jpg 20 191 0 237 44 
009339.jpg 20 224 194 268 244 
009349.jpg 20 260 185 303 239 
009359.jpg 20 299 181 345 233 
009369.jpg 20 341 173 391 227 
009379.jpg 20 391 160 439 221 
009389.jpg 20 447 152 493 214 
009395.jpg 21 106 110 160 183 
009399.jpg 21 91 25 203 156 
009405.jpg 21 22 96 73 175 
009412.jpg 21 381 104 419 136 
009422.jpg 21 431 87 467 131 
009433.jpg 21 114 73 160 121 
009443.jpg 21 172 58 220 117 
009453.jpg 21 199 52 260 110 
009463.jpg 21 245 40 304 106 
009473.jpg 21 293 29 364 98 
009483.jpg 21 360 10 429 88 
009499.jpg 21 86 191 170 277 
009509.jpg 21 203 162 295 265 
009512.jpg 21 429 85 464 129 
009522.jpg 21 442 77 485 121 
009539.jpg 21 358 125 452 248 
009543.jpg 21 126 63 172 117 
009553.jpg 21 151 62 199 113 
009563.jpg 21 176 56 228 113 
009573.jpg 21 253 33 312 98 
009583.jpg 21 299 19 370 96 
009593.jpg 21 362 4 435 83 
009609.jpg 21 86 185 164 273 
009619.jpg 21 191 158 274 258 
009629.jpg 21 328 123 422 242 
009638.jpg 22 212 108 256 158 
009648.jpg 22 258 70 306 129 
009658.jpg 22 289 50 341 108 
009668.jpg 22 324 22 375 85 
009678.jpg 22 358 0 420 58 
009686.jpg 22 302 146 352 194 
009696.jpg 22 233 93 287 152 
009708.jpg 22 141 191 176 225 
009718.jpg 22 195 158 235 200 
009728.jpg 22 272 114 318 164 
009738.jpg 22 387 47 443 108 
009741.jpg 22 448 100 479 133 
009751.jpg 22 431 92 467 131 
009761.jpg 22 406 71 448 117 
009771.jpg 22 375 67 423 117 
009781.jpg 22 354 52 404 108 
009791.jpg 22 292 25 354 92 
009806.jpg 22 193 187 269 262 
009816.jpg 22 118 152 206 248 
009825.jpg 22 371 108 465 217 
009835.jpg 22 221 41 327 183 
009840.jpg 22 217 81 250 113 
009841.jpg 22 300 100 331 131 
009850.jpg 22 183 79 214 113 
009851.jpg 22 285 96 316 129 
009860.jpg 22 146 77 177 111 
009861.jpg 22 266 90 298 125 
009871.jpg 22 248 87 281 125 
009881.jpg 22 223 85 256 119 
009890.jpg 22 25 65 56 104 
009891.jpg 22 204 79 239 121 
009901.jpg 22 177 75 216 113 
009910.jpg 22 434 48 475 104 
009920.jpg 22 396 42 436 98 
009930.jpg 22 290 23 336 87 
009940.jpg 22 227 10 269 81 
009955.jpg 22 77 181 123 263 
009966.jpg 22 379 183 423 223 
009976.jpg 22 356 141 404 187 
009986.jpg 22 310 98 365 150 
009996.jpg 22 287 81 348 139 
010006.jpg 22 262 62 327 119 
010016.jpg 22 204 12 275 77 
010023.jpg 22 289 58 327 102 
010033.jpg 22 406 37 454 88 
010044.jpg 22 105 27 153 83 
010054.jpg 22 168 17 218 77 
010069.jpg 22 324 187 385 260 
010079.jpg 22 426 175 487 258 
010082.jpg 25 448 6 483 44 
010098.jpg 25 109 183 149 229 
010108.jpg 25 114 167 162 221 
010108.jpg 25 155 169 195 219 
010118.jpg 25 126 148 172 198 
010118.jpg 25 168 152 214 200 
010128.jpg 25 139 131 189 185 
010128.jpg 25 183 131 233 183 
010138.jpg 25 158 104 210 166 
010138.jpg 25 206 106 260 167 
010148.jpg 25 182 77 239 139 
010148.jpg 25 235 77 293 144 
010158.jpg 25 210 41 278 110 
010158.jpg 25 272 45 333 114 
010168.jpg 25 249 0 324 79 
010168.jpg 25 316 4 389 79 
010172.jpg 25 452 65 487 108 
010182.jpg 25 454 62 492 102 
010192.jpg 25 462 62 496 102 
010203.jpg 25 107 62 149 104 
010213.jpg 25 110 58 151 102 
010223.jpg 25 112 58 153 104 
010233.jpg 25 114 58 158 98 
010243.jpg 25 114 58 155 102 
010253.jpg 25 120 58 160 102 
010263.jpg 25 120 58 160 102 
010273.jpg 25 120 58 160 102 
010283.jpg 25 124 60 168 104 
010293.jpg 25 130 58 172 102 
010303.jpg 25 130 58 172 102 
010313.jpg 25 130 58 172 102 
010323.jpg 25 134 58 180 102 
010333.jpg 25 134 58 180 102 
010343.jpg 25 141 56 185 102 
010353.jpg 25 141 56 185 102 
010363.jpg 25 145 54 193 98 
010373.jpg 25 145 54 193 98 
010383.jpg 25 155 52 205 98 
010393.jpg 25 160 48 208 94 
010403.jpg 25 168 48 218 94 
010413.jpg 25 178 44 226 98 
010423.jpg 25 183 44 231 94 
010433.jpg 25 189 46 241 102 
010443.jpg 25 203 46 253 98 
010453.jpg 25 218 46 266 94 
010463.jpg 25 228 40 281 94 
010473.jpg 25 239 39 301 94 
010483.jpg 25 256 37 306 92 
010493.jpg 25 262 31 322 88 
010503.jpg 25 270 31 329 88 
010513.jpg 25 281 29 337 87 
010523.jpg 25 293 27 347 87 
010533.jpg 25 297 27 356 87 
010543.jpg 25 306 19 360 79 
010553.jpg 25 310 17 370 75 
010563.jpg 25 316 15 379 71 
010573.jpg 25 322 10 383 71 
010583.jpg 25 329 10 385 67 
010593.jpg 25 335 2 398 67 
010608.jpg 25 345 194 408 263 
010618.jpg 25 352 185 422 262 
010628.jpg 25 372 181 439 258 
010638.jpg 25 389 179 460 254 
010648.jpg 25 416 164 494 250 
010659.jpg 25 97 154 176 240 
010669.jpg 25 136 137 216 237 
010679.jpg 25 184 143 270 250 
010689.jpg 25 237 127 324 237 
010699.jpg 25 307 98 397 221 
010709.jpg 25 397 95 481 214 
010713.jpg 26 395 23 433 62 
010723.jpg 26 333 17 374 54 
010733.jpg 26 174 12 216 54 
010743.jpg 26 137 10 180 54 
010752.jpg 26 412 15 456 56 
010767.jpg 26 402 187 448 229 
010777.jpg 26 393 158 446 210 
010787.jpg 26 325 191 383 250 
010792.jpg 26 195 8 258 67 
010806.jpg 26 377 187 444 254 
010816.jpg 26 229 171 302 246 
010825.jpg 26 413 177 490 254 
010835.jpg 26 214 169 294 258 
010845.jpg 26 104 183 191 275 
010852.jpg 26 314 88 346 125 
010862.jpg 26 321 85 362 125 
010872.jpg 26 354 79 393 119 
010882.jpg 26 358 77 402 119 
010892.jpg 26 366 73 410 117 
010902.jpg 26 373 67 417 117 
010912.jpg 26 379 62 423 111 
010922.jpg 26 381 60 431 111 
010932.jpg 26 387 50 439 104 
010942.jpg 26 391 44 442 102 
010952.jpg 26 389 42 448 102 
010962.jpg 26 398 35 462 94 
010972.jpg 26 406 27 473 90 
010982.jpg 26 416 14 487 85 
010993.jpg 26 87 0 164 73 
011008.jpg 26 291 114 408 229 
011019.jpg 26 312 27 443 191 
011023.jpg 26 205 81 237 135 
011033.jpg 26 262 67 297 121 
011043.jpg 26 308 56 352 115 
011053.jpg 26 343 46 385 104 
011063.jpg 26 412 31 458 102 
011073.jpg 26 216 75 256 123 
011083.jpg 26 266 69 312 121 
011093.jpg 26 375 42 437 104 
011104.jpg 26 139 12 209 88 
011119.jpg 26 312 179 391 275 
011121.jpg 26 220 67 260 119 
011133.jpg 26 118 73 162 135 
011143.jpg 26 145 60 185 123 
011153.jpg 26 174 54 222 127 
011163.jpg 26 203 46 253 119 
011173.jpg 26 237 39 283 113 
011183.jpg 26 276 33 324 111 
011193.jpg 26 312 23 370 106 
011203.jpg 26 362 14 416 106 
011213.jpg 26 418 4 470 100 
011224.jpg 26 155 90 189 133 
011230.jpg 26 204 58 242 102 
011240.jpg 26 450 54 488 98 
011251.jpg 26 323 40 364 83 
011262.jpg 26 235 25 283 71 
011272.jpg 26 441 21 494 83 
011283.jpg 26 231 21 285 85 
011293.jpg 26 333 17 391 83 
011303.jpg 26 427 12 491 79 
011319.jpg 26 209 189 282 273 
011329.jpg 26 364 167 439 275 
011333.jpg 26 199 39 228 88 
011341.jpg 26 431 46 465 85 
011351.jpg 26 362 42 396 85 
011362.jpg 27 225 37 281 100 
011372.jpg 27 273 40 333 100 
011382.jpg 27 318 35 377 98 
011392.jpg 27 358 31 417 100 
011402.jpg 27 385 44 454 111 
011412.jpg 27 421 12 485 85 
011428.jpg 27 89 187 164 260 
011438.jpg 27 110 189 189 265 
011448.jpg 27 132 192 216 275 
011458.jpg 27 158 162 253 250 
011468.jpg 27 185 148 281 246 
011478.jpg 27 218 129 324 235 
011488.jpg 27 266 98 383 219 
011498.jpg 27 331 75 456 208 
011509.jpg 27 59 29 191 181 
011519.jpg 27 161 4 312 150 
011523.jpg 28 431 71 479 119 
011534.jpg 28 153 63 207 117 
011544.jpg 28 255 35 308 92 
011553.jpg 28 345 102 383 140 
011563.jpg 28 377 98 416 138 
011573.jpg 28 410 92 450 138 
011584.jpg 28 139 81 184 129 
011594.jpg 28 189 77 235 127 
011604.jpg 28 318 56 372 115 
011614.jpg 28 399 50 452 115 
011622.jpg 28 377 23 414 71 
011632.jpg 28 400 6 442 58 
011647.jpg 28 412 194 454 254 
011658.jpg 28 89 150 151 225 
011668.jpg 28 126 110 193 198 
011678.jpg 28 178 54 258 150 
011682.jpg 28 368 67 410 104 
011692.jpg 28 398 42 441 90 
011702.jpg 28 435 12 490 65 
011718.jpg 28 107 185 174 252 
011728.jpg 28 145 156 222 229 
011738.jpg 28 205 112 289 200 
011748.jpg 28 289 45 397 156 
011753.jpg 28 441 60 479 110 
011763.jpg 28 437 62 479 104 
011773.jpg 28 408 39 454 92 
011783.jpg 28 366 35 414 90 
011793.jpg 28 349 25 395 85 
011803.jpg 28 295 19 347 79 
011813.jpg 28 222 15 272 75 
011823.jpg 28 178 10 235 71 
011833.jpg 28 137 2 189 67 
011847.jpg 28 389 194 450 262 
011857.jpg 28 197 171 268 248 
011867.jpg 28 158 171 220 248 
011877.jpg 28 116 166 185 244 
011886.jpg 28 413 158 490 239 
011896.jpg 28 406 154 486 235 
011906.jpg 28 413 146 484 235 
011916.jpg 28 417 133 498 225 
011927.jpg 28 80 116 160 214 
011937.jpg 28 81 104 172 208 
011947.jpg 28 89 100 185 200 
011957.jpg 28 95 93 193 194 
011967.jpg 28 128 41 233 158 
011977.jpg 28 135 22 256 150 
011987.jpg 28 212 0 339 127 
011997.jpg 28 268 0 404 116 
012003.jpg 28 176 69 206 110 
012013.jpg 28 205 60 239 102 
012023.jpg 28 235 54 278 98 
012033.jpg 28 283 48 318 83 
012043.jpg 28 329 37 370 77 
012053.jpg 28 393 21 429 71 
012069.jpg 28 107 198 153 262 
012079.jpg 28 205 175 253 244 
012089.jpg 28 322 146 381 229 
012093.jpg 28 214 67 245 100 
012103.jpg 28 241 58 276 94 
012113.jpg 28 278 52 312 90 
012123.jpg 28 316 42 354 83 
012133.jpg 28 368 27 408 75 
012143.jpg 28 427 15 473 67 
012159.jpg 28 153 194 199 250 
012169.jpg 28 253 171 303 237 
012179.jpg 28 381 143 437 221 
012183.jpg 28 454 29 489 67 
012193.jpg 28 431 25 464 60 
012203.jpg 28 406 23 439 62 
012213.jpg 28 379 21 412 58 
012223.jpg 28 349 15 385 52 
012233.jpg 28 326 10 362 50 
012243.jpg 28 301 6 341 42 
012258.jpg 28 278 196 318 239 
012268.jpg 28 256 191 304 237 
012278.jpg 28 247 185 287 227 
012288.jpg 28 201 116 254 175 
012298.jpg 28 208 104 264 166 
012308.jpg 28 220 87 281 150 
012329.jpg 28 115 116 159 173 
012339.jpg 28 159 98 207 160 
012349.jpg 28 205 75 260 143 
012359.jpg 28 260 60 314 129 
012369.jpg 28 326 43 376 110 
012379.jpg 28 397 14 449 91 
012382.jpg 28 448 65 489 111 
012393.jpg 28 135 48 178 94 
012403.jpg 28 193 25 241 81 
012418.jpg 28 272 198 333 262 
012428.jpg 28 393 146 468 239 
012439.jpg 28 259 68 355 189 
012442.jpg 28 396 83 429 117 
012452.jpg 28 325 62 371 106 
012462.jpg 28 93 39 147 92 
012471.jpg 28 246 35 298 100 
012481.jpg 28 99 12 156 73 
012496.jpg 28 95 181 162 260 
012506.jpg 28 83 156 158 240 
012516.jpg 28 66 133 160 225 
012526.jpg 28 68 106 152 206 
012536.jpg 28 47 68 150 179 
012545.jpg 28 377 10 496 144 
012552.jpg 28 185 48 229 94 
012562.jpg 28 247 25 297 81 
012572.jpg 28 314 2 373 60 
012587.jpg 28 393 166 464 237 
012598.jpg 28 157 129 251 227 
012608.jpg 28 220 89 327 192 
012618.jpg 28 291 23 423 143 
012624.jpg 28 307 92 341 133 
012634.jpg 28 330 90 362 135 
012649.jpg 28 155 166 237 258 
012659.jpg 28 149 121 241 227 
012669.jpg 28 159 83 262 202 
012679.jpg 28 180 50 297 175 
012694.jpg 28 255 73 293 113 
012704.jpg 28 262 54 307 98 
012714.jpg 28 272 50 318 98 
012724.jpg 28 353 52 399 106 
012732.jpg 28 402 88 448 136 
012742.jpg 28 408 83 444 133 
012752.jpg 28 414 85 456 127 
012762.jpg 28 429 73 477 121 
012772.jpg 28 439 71 490 129 
012783.jpg 28 93 67 151 125 
012793.jpg 28 105 62 162 123 
012803.jpg 28 118 67 174 117 
012813.jpg 28 135 60 195 117 
012823.jpg 28 153 52 208 115 
012833.jpg 28 193 52 247 113 
012843.jpg 28 241 31 304 106 
012853.jpg 28 266 27 335 94 
012863.jpg 28 302 21 370 102 
012873.jpg 28 335 14 414 100 
012883.jpg 28 368 0 448 85 
012899.jpg 28 59 185 147 273 
012909.jpg 28 128 166 216 262 
012919.jpg 28 205 137 297 256 
012929.jpg 28 299 112 406 239 
012938.jpg 28 233 160 283 210 
012948.jpg 28 264 143 318 198 
012958.jpg 28 427 66 491 137 
012969.jpg 28 93 60 153 133 
012974.jpg 28 241 52 289 102 
012984.jpg 28 343 40 387 102 
012994.jpg 28 406 39 456 104 
013002.jpg 28 339 71 377 111 
013012.jpg 28 362 63 408 108 
013022.jpg 28 412 8 485 67 
013038.jpg 28 112 158 195 240 
013048.jpg 28 214 58 352 175 
013053.jpg 28 445 69 481 119 
013064.jpg 28 141 65 180 108 
013074.jpg 28 191 60 234 104 
013083.jpg 28 170 79 212 125 
013093.jpg 28 230 69 276 117 
013103.jpg 28 287 56 337 111 
013113.jpg 28 362 46 418 106 
013124.jpg 28 90 31 153 100 
013134.jpg 28 139 19 207 94 
013149.jpg 28 266 183 337 275 
013154.jpg 28 266 263 305 313 
013164.jpg 28 168 248 203 294 
013174.jpg 28 97 12 151 71 
013189.jpg 28 297 158 372 250 
013193.jpg 28 241 40 289 87 
013203.jpg 28 368 12 416 69 
013219.jpg 28 105 185 163 250 
013229.jpg 28 235 150 291 231 
013234.jpg 28 134 56 176 110 
013244.jpg 28 197 54 243 108 
013254.jpg 28 370 33 418 96 
013268.jpg 28 197 179 243 227 
013278.jpg 28 226 160 276 215 
013288.jpg 28 304 104 360 164 
013298.jpg 28 341 71 400 139 
013308.jpg 28 397 33 468 106 
013318.jpg 28 301 119 354 177 
013328.jpg 28 397 68 458 135 
013339.jpg 28 132 27 197 106 
013343.jpg 28 293 14 343 67 
013358.jpg 28 318 187 381 250 
013368.jpg 28 381 108 466 204 
013379.jpg 28 109 41 212 154 
013383.jpg 28 335 110 370 146 
013393.jpg 28 364 106 397 142 
013403.jpg 28 387 106 423 148 
013414.jpg 28 122 88 161 142 
013424.jpg 28 186 92 222 140 
013434.jpg 28 237 92 276 144 
013444.jpg 28 270 96 314 144 
013454.jpg 28 349 94 389 148 
013464.jpg 28 368 88 412 150 
013474.jpg 28 391 88 429 154 
013484.jpg 28 414 92 451 154 
013494.jpg 28 433 88 470 150 
013503.jpg 28 120 25 155 60 
013503.jpg 28 122 27 155 56 
013513.jpg 28 147 10 178 44 
013523.jpg 28 145 12 180 46 
013533.jpg 28 158 0 191 37 
013543.jpg 28 170 2 206 39 
013543.jpg 28 170 4 208 37 
013553.jpg 28 182 0 224 37 
013553.jpg 28 185 0 222 37 
013568.jpg 28 201 185 239 223 
013578.jpg 28 216 179 258 221 
013588.jpg 28 237 173 278 215 
013598.jpg 28 254 162 301 210 
013608.jpg 28 283 148 331 202 
013618.jpg 28 314 141 364 194 
013628.jpg 28 349 135 398 187 
013638.jpg 28 381 123 431 177 
013648.jpg 28 408 110 460 169 
013658.jpg 28 441 95 494 158 
013669.jpg 28 126 85 180 148 
013679.jpg 28 166 60 224 131 
013689.jpg 28 218 39 278 110 
013699.jpg 28 270 12 333 91 
013709.jpg 28 335 0 401 85 
013712.jpg 28 458 15 490 46 
013723.jpg 28 118 6 157 40 
013732.jpg 28 441 12 471 48 
013748.jpg 28 124 189 162 229 
013758.jpg 28 139 181 178 223 
013768.jpg 28 157 171 197 214 
013778.jpg 28 178 162 220 208 
013788.jpg 28 201 148 247 198 
013798.jpg 28 224 141 270 187 
013808.jpg 28 253 123 301 177 
013818.jpg 28 285 112 335 162 
013828.jpg 28 320 91 377 148 
013838.jpg 28 358 73 416 133 
013848.jpg 28 406 52 464 119 
013859.jpg 28 99 31 166 104 
013869.jpg 28 157 4 228 79 
013873.jpg 28 306 81 349 133 
013883.jpg 28 329 77 379 133 
013893.jpg 28 360 77 408 133 
013903.jpg 28 395 69 446 125 
013913.jpg 28 439 62 489 121 
013924.jpg 28 128 58 186 121 
013934.jpg 28 180 62 239 125 
013944.jpg 28 249 52 307 125 
013954.jpg 28 322 40 378 119 
013964.jpg 28 404 25 466 121 
013973.jpg 28 141 15 187 63 
013983.jpg 28 157 4 203 52 
013998.jpg 28 172 192 222 248 
014008.jpg 28 185 189 239 242 
014018.jpg 28 206 179 258 235 
014028.jpg 28 224 166 278 225 
014038.jpg 28 272 133 333 202 
014048.jpg 28 297 118 364 185 
014058.jpg 28 337 100 404 173 
014068.jpg 28 375 85 450 166 
014079.jpg 28 82 56 161 133 
014089.jpg 28 166 22 243 116 
014099.jpg 28 222 48 307 148 
014109.jpg 28 316 2 397 85 
014114.jpg 28 126 102 163 152 
014124.jpg 28 147 96 189 148 
014134.jpg 28 180 88 222 140 
014144.jpg 28 212 77 253 135 
014154.jpg 28 249 73 291 131 
014164.jpg 28 293 71 335 131 
014174.jpg 28 341 71 385 133 
014184.jpg 28 399 63 441 129 
014193.jpg 28 377 102 412 142 
014203.jpg 28 402 100 439 140 
014214.jpg 28 153 87 191 133 
014224.jpg 28 199 81 237 135 
014234.jpg 28 249 73 293 129 
014244.jpg 28 312 69 353 133 
014254.jpg 28 378 69 420 135 
014264.jpg 28 452 63 493 133 
014272.jpg 28 441 17 473 56 
014282.jpg 28 444 12 479 48 
014293.jpg 28 431 98 464 140 
014303.jpg 28 458 92 494 136 
014314.jpg 28 138 88 176 133 
014324.jpg 28 176 87 214 133 
014334.jpg 28 216 81 260 133 
014344.jpg 28 260 77 303 131 
014354.jpg 28 316 75 360 140 
014364.jpg 28 379 69 422 136 
014372.jpg 28 456 4 490 48 
014384.jpg 28 451 62 491 125 
014398.jpg 28 110 198 149 239 
014408.jpg 28 124 194 162 235 
014418.jpg 28 162 160 205 212 
014422.jpg 28 421 42 456 81 
014432.jpg 28 429 48 462 90 
014442.jpg 28 435 52 471 92 
014452.jpg 28 441 39 479 79 
014462.jpg 28 448 27 483 67 
014472.jpg 28 452 17 489 60 
014483.jpg 28 112 25 155 71 
014493.jpg 28 124 10 162 58 
014503.jpg 28 128 0 170 48 
014513.jpg 28 143 0 187 52 
014528.jpg 28 162 189 208 240 
014538.jpg 28 176 173 224 221 
014548.jpg 28 199 177 249 231 
014558.jpg 28 222 158 274 217 
014568.jpg 28 247 150 299 204 
014579.jpg 28 149 41 222 125 
014589.jpg 28 201 12 278 102 
014599.jpg 28 260 2 339 83 
014602.jpg 28 444 90 481 133 
014613.jpg 28 143 96 178 136 
014623.jpg 28 329 69 379 123 
014633.jpg 28 372 60 431 117 
014643.jpg 28 429 48 485 110 
014654.jpg 28 115 40 174 106 
014664.jpg 28 168 23 232 98 
014673.jpg 28 145 52 195 104 
014683.jpg 28 178 35 237 94 
014693.jpg 28 199 12 272 81 
014708.jpg 28 253 171 333 258 
014718.jpg 28 270 158 350 250 
014728.jpg 28 318 137 404 233 
014739.jpg 28 59 83 163 204 
014749.jpg 28 136 48 247 181 
014759.jpg 28 209 14 331 166 
014760.jpg 28 383 4 425 58 
014775.jpg 28 398 194 440 254 
014785.jpg 28 409 198 455 254 
014795.jpg 28 429 198 475 260 
014805.jpg 28 448 198 496 260 
014816.jpg 28 120 198 164 260 
014816.jpg 28 120 198 168 258 
014821.jpg 28 152 0 200 56 
014831.jpg 28 189 2 233 60 
014841.jpg 28 221 0 269 56 
014851.jpg 28 256 0 304 60 
014868.jpg 28 377 179 439 254 
014878.jpg 28 414 175 473 254 
014889.jpg 28 86 173 145 246 
014899.jpg 28 103 167 170 244 
014909.jpg 28 120 160 182 242 
014919.jpg 28 168 148 232 231 
014929.jpg 28 191 141 253 231 
014939.jpg 28 209 129 272 229 
014949.jpg 28 224 125 293 219 
014953.jpg 28 366 4 400 44 
014968.jpg 28 374 196 416 248 
014978.jpg 28 385 191 425 239 
014988.jpg 28 397 179 439 233 
014998.jpg 28 412 173 454 225 
015008.jpg 28 431 166 475 214 
015019.jpg 28 95 146 145 208 
015029.jpg 28 120 135 168 200 
015032.jpg 28 425 27 460 67 
015042.jpg 28 433 25 464 60 
015052.jpg 28 439 12 477 58 
015062.jpg 28 442 10 485 56 
015072.jpg 28 448 6 492 58 
015083.jpg 28 105 8 147 50 
015093.jpg 28 109 4 155 58 
015108.jpg 28 124 198 162 244 
015118.jpg 28 128 196 174 244 
015128.jpg 28 135 191 180 242 
015138.jpg 28 143 189 187 237 
015148.jpg 28 155 175 199 227 
015158.jpg 28 158 166 212 221 
015168.jpg 28 174 164 224 217 
015178.jpg 28 183 156 233 215 
015188.jpg 28 201 150 254 208 
015198.jpg 28 216 148 270 202 
015208.jpg 28 231 143 285 200 
015218.jpg 28 247 133 301 196 
015228.jpg 28 266 137 318 196 
015238.jpg 28 279 131 333 189 
015248.jpg 28 293 112 352 173 
015258.jpg 28 302 89 360 150 
015268.jpg 28 327 102 383 166 
015278.jpg 28 341 96 400 164 
015288.jpg 28 347 81 408 150 
015298.jpg 28 354 75 416 148 
015308.jpg 28 381 71 445 143 
015318.jpg 28 398 58 458 129 
015328.jpg 28 408 47 468 121 
015338.jpg 28 423 45 487 116 
015349.jpg 28 88 29 155 112 
015359.jpg 28 111 18 182 100 
015369.jpg 28 147 10 212 93 
015379.jpg 28 180 0 245 81 
015383.jpg 28 400 117 445 169 
015393.jpg 28 398 113 443 161 
015403.jpg 28 400 100 446 152 
015413.jpg 28 397 92 450 142 
015423.jpg 28 404 85 450 136 
015433.jpg 28 404 83 452 140 
015443.jpg 28 402 81 458 140 
015453.jpg 28 412 77 466 138 
015463.jpg 28 414 71 468 136 
015473.jpg 28 416 71 473 135 
015483.jpg 28 423 63 481 133 
015493.jpg 28 443 67 498 136 
015504.jpg 28 97 67 157 135 
015514.jpg 28 103 69 166 138 
015524.jpg 28 122 67 195 138 
015534.jpg 28 141 62 211 136 
015544.jpg 28 159 56 228 133 
015554.jpg 28 180 46 245 129 
015564.jpg 28 193 40 268 125 
015574.jpg 28 216 39 289 125 
015584.jpg 28 235 33 318 121 
015594.jpg 28 264 33 337 123 
015604.jpg 28 291 33 364 119 
015614.jpg 28 320 17 397 117 
015624.jpg 28 349 27 431 125 
015634.jpg 28 379 17 468 119 
015644.jpg 28 414 10 495 119 
015652.jpg 28 318 15 366 65 
015662.jpg 28 331 0 383 54 
015673.jpg 28 151 31 208 85 
015683.jpg 28 210 4 270 69 
015698.jpg 28 237 191 314 265 
015707.jpg 28 345 181 406 240 
015718.jpg 28 278 181 356 260 
015728.jpg 28 368 148 464 248 
015739.jpg 28 78 127 168 231 
015749.jpg 28 143 112 239 225 
015759.jpg 28 316 56 424 206 
015767.jpg 28 364 160 435 227 
015778.jpg 28 109 70 210 164 
015793.jpg 3 176 71 222 121 
015803.jpg 3 230 67 279 117 
015813.jpg 3 308 27 360 88 
015823.jpg 3 404 19 473 94 
015834.jpg 3 115 6 182 83 
015849.jpg 3 268 179 339 267 
015859.jpg 3 356 154 443 265 
015862.jpg 3 437 87 475 127 
015872.jpg 3 452 79 494 119 
015883.jpg 3 114 73 155 113 
015893.jpg 3 158 56 206 102 
015903.jpg 3 183 40 239 96 
015913.jpg 3 260 8 322 69 
015928.jpg 3 312 187 385 258 
015939.jpg 3 124 118 209 217 
015949.jpg 3 260 75 355 192 
015952.jpg 3 464 60 492 88 
015962.jpg 3 454 44 485 75 
015972.jpg 3 442 40 475 71 
015982.jpg 3 435 25 467 60 
015992.jpg 3 433 10 471 46 
016007.jpg 3 439 187 485 227 
016018.jpg 3 101 156 155 210 
016028.jpg 3 128 118 191 179 
016038.jpg 3 153 89 222 156 
016048.jpg 3 187 50 258 123 
016058.jpg 3 231 14 310 93 
016066.jpg 3 312 10 342 75 
016077.jpg 3 227 0 256 66 
016086.jpg 3 442 20 473 83 
016096.jpg 3 410 23 438 81 
016102.jpg 3 189 33 218 62 
016112.jpg 3 195 23 224 54 
016122.jpg 3 197 19 224 52 
016132.jpg 3 197 15 227 52 
016142.jpg 3 199 8 231 46 
016157.jpg 3 197 196 233 233 
016167.jpg 3 197 196 233 233 
016177.jpg 3 197 192 235 233 
016182.jpg 3 199 0 235 39 
016197.jpg 3 201 192 235 235 
016207.jpg 3 193 185 231 229 
016217.jpg 3 191 177 231 221 
016227.jpg 3 181 158 229 200 
016237.jpg 3 183 143 229 192 
016247.jpg 3 177 129 225 183 
016257.jpg 3 181 116 227 169 
016267.jpg 3 170 104 224 164 
016277.jpg 3 166 93 224 144 
016287.jpg 3 168 70 227 135 
016297.jpg 3 168 70 229 133 
016307.jpg 3 166 54 233 121 
016317.jpg 3 160 31 235 110 
016327.jpg 3 164 20 239 95 
016337.jpg 3 164 8 243 89 
016347.jpg 3 158 0 241 71 
016352.jpg 3 381 62 425 108 
016362.jpg 3 360 60 404 104 
016372.jpg 3 345 60 387 100 
016382.jpg 3 224 37 272 90 
016392.jpg 3 143 31 202 88 
016401.jpg 3 415 23 475 83 
016411.jpg 3 314 21 375 81 
016421.jpg 3 262 15 317 79 
016431.jpg 3 198 12 262 77 
016440.jpg 3 431 10 492 81 
016450.jpg 3 191 15 256 85 
016460.jpg 3 139 15 204 87 
016470.jpg 3 85 8 154 88 
016480.jpg 3 43 15 112 92 
016505.jpg 3 154 29 254 166 
016515.jpg 3 192 8 300 150 
016525.jpg 3 225 0 338 133 
016538.jpg 3 147 169 185 214 
016548.jpg 3 112 152 155 198 
016557.jpg 3 452 144 494 192 
016567.jpg 3 437 133 483 183 
016577.jpg 3 410 110 458 166 
016587.jpg 3 402 96 454 154 
016597.jpg 3 393 77 446 141 
016607.jpg 3 389 68 448 127 
016617.jpg 3 391 45 456 110 
016628.jpg 3 352 48 406 110 
016638.jpg 3 391 18 448 85 
016658.jpg 3 446 118 494 171 
016669.jpg 3 182 77 228 133 
016679.jpg 3 312 16 356 87 
016687.jpg 3 220 112 266 154 
016697.jpg 3 189 54 243 110 
016707.jpg 3 210 2 275 64 
016717.jpg 3 279 137 320 177 
016727.jpg 3 285 110 331 156 
016737.jpg 3 291 73 343 125 
016747.jpg 3 304 22 369 83 
016757.jpg 3 189 91 243 139 
016767.jpg 3 185 62 245 121 
016777.jpg 3 185 54 249 116 
016787.jpg 3 185 41 249 102 
016797.jpg 3 181 29 249 93 
016807.jpg 3 181 18 249 77 
016817.jpg 3 189 4 249 66 
016827.jpg 3 425 129 467 169 
016837.jpg 3 433 123 473 166 
016847.jpg 3 452 93 498 141 
016858.jpg 3 109 68 158 118 
016868.jpg 3 124 48 176 96 
016878.jpg 3 147 27 201 81 
016888.jpg 3 176 2 235 54 
016894.jpg 3 176 29 228 85 
016904.jpg 3 280 14 339 75 
016919.jpg 3 410 192 477 273 
016928.jpg 3 107 146 147 187 
016938.jpg 3 132 118 176 162 
016948.jpg 3 116 43 170 95 
016953.jpg 3 122 88 166 140 
016963.jpg 3 141 87 185 135 
016973.jpg 3 153 87 203 138 
016983.jpg 3 189 75 249 131 
016993.jpg 3 210 69 266 131 
017003.jpg 3 243 56 310 127 
017013.jpg 3 293 42 366 121 
017014.jpg 3 303 62 364 131 
017023.jpg 3 356 27 435 113 
017034.jpg 3 80 4 164 108 
017049.jpg 3 184 185 274 292 
017059.jpg 3 257 166 341 285 
017069.jpg 3 335 148 429 281 
017077.jpg 3 421 104 473 160 
017087.jpg 3 423 70 485 137 
017098.jpg 3 82 35 145 104 
017107.jpg 3 391 148 441 202 
017117.jpg 3 408 135 464 192 
017128.jpg 3 124 39 197 119 
017138.jpg 3 128 35 208 114 
017148.jpg 3 134 37 208 116 
017158.jpg 3 141 27 214 110 
017162.jpg 3 346 73 394 117 
017172.jpg 3 375 58 427 110 
017182.jpg 3 408 42 465 102 
017193.jpg 3 97 23 164 90 
017208.jpg 3 147 196 226 275 
017218.jpg 3 178 181 262 265 
017228.jpg 3 260 119 364 233 
017239.jpg 3 74 20 203 175 
017247.jpg 3 360 166 402 214 
017257.jpg 3 371 150 417 204 
017267.jpg 3 387 73 454 143 
017277.jpg 3 396 37 467 110 
017287.jpg 3 356 175 398 219 
017297.jpg 3 394 95 454 154 
017308.jpg 3 86 25 157 102 
017312.jpg 3 364 96 398 131 
017322.jpg 3 366 92 404 129 
017322.jpg 3 369 96 402 127 
017332.jpg 3 379 85 417 123 
017342.jpg 3 385 85 417 123 
017352.jpg 3 391 77 427 115 
017362.jpg 3 394 79 441 119 
017362.jpg 3 400 83 437 119 
017372.jpg 3 408 79 450 117 
017372.jpg 3 410 81 450 119 
017382.jpg 3 419 71 462 113 
017392.jpg 3 439 65 477 108 
017402.jpg 3 452 60 496 106 
017413.jpg 3 112 58 158 106 
017423.jpg 3 137 48 191 102 
017433.jpg 3 160 40 216 96 
017443.jpg 3 193 39 245 96 
017453.jpg 3 218 31 272 96 
017463.jpg 3 241 21 308 85 
017473.jpg 3 274 6 349 83 
017488.jpg 3 312 196 387 277 
017498.jpg 3 358 177 437 267 
017508.jpg 3 414 156 498 252 
017519.jpg 3 122 137 218 244 
017529.jpg 3 209 108 312 237 
017539.jpg 3 316 66 427 208 
017542.jpg 3 302 12 333 42 
017552.jpg 3 308 2 345 39 
017567.jpg 3 320 194 354 233 
017577.jpg 3 327 183 362 219 
017587.jpg 3 345 164 385 208 
017597.jpg 3 360 135 412 181 
017607.jpg 3 379 112 425 167 
017617.jpg 3 394 93 442 146 
017627.jpg 3 412 75 465 135 
017637.jpg 3 429 45 494 106 
017648.jpg 3 99 8 172 81 
017652.jpg 3 273 21 306 52 
017662.jpg 3 277 12 310 46 
017672.jpg 3 283 10 312 42 
017687.jpg 3 295 183 333 221 
017697.jpg 3 302 173 341 214 
017707.jpg 3 310 160 348 202 
017717.jpg 3 318 150 358 198 
017727.jpg 3 329 139 371 189 
017737.jpg 3 339 123 387 173 
017747.jpg 3 354 108 404 164 
017757.jpg 3 368 91 423 144 
017767.jpg 3 385 66 446 129 
017777.jpg 3 402 47 467 108 
017787.jpg 3 423 18 496 91 
017798.jpg 3 93 2 170 62 
017802.jpg 3 270 81 302 117 
017812.jpg 3 272 77 308 117 
017822.jpg 3 273 69 316 113 
017832.jpg 3 277 67 318 110 
017842.jpg 3 279 63 323 110 
017852.jpg 3 285 54 333 104 
017862.jpg 3 285 42 341 96 
017872.jpg 3 297 39 354 98 
017882.jpg 3 304 27 369 94 
017892.jpg 3 318 19 387 87 
017907.jpg 3 329 196 410 273 
017917.jpg 3 360 171 439 256 
017927.jpg 3 383 139 475 239 
017938.jpg 3 62 118 168 223 
017948.jpg 3 107 70 226 192 
017958.jpg 3 160 8 314 152 
017968.jpg 3 216 131 287 208 
017978.jpg 3 241 110 324 194 
017988.jpg 3 270 79 356 169 
017998.jpg 3 308 56 398 148 
018008.jpg 3 354 27 454 127 
018019.jpg 3 55 2 164 110 
018027.jpg 3 304 175 348 217 
018037.jpg 3 310 162 356 206 
018047.jpg 3 314 144 358 196 
018057.jpg 3 320 139 364 185 
018067.jpg 3 321 125 371 177 
018077.jpg 3 325 110 379 162 
018087.jpg 3 335 68 398 125 
018097.jpg 3 345 35 410 102 
018107.jpg 3 352 10 423 79 
018117.jpg 3 366 0 444 58 
018122.jpg 3 285 14 318 48 
018132.jpg 3 283 6 321 44 
018142.jpg 3 289 2 323 39 
018157.jpg 3 295 192 325 229 
018167.jpg 3 295 187 333 225 
018177.jpg 3 310 152 352 194 
018187.jpg 3 320 143 360 191 
018192.jpg 3 371 102 402 138 
018202.jpg 3 375 94 410 133 
018212.jpg 3 379 102 417 146 
018227.jpg 3 325 129 371 181 
018227.jpg 3 327 135 375 177 
018232.jpg 3 387 108 425 148 
018242.jpg 3 387 94 431 138 
018252.jpg 3 394 87 439 129 
018262.jpg 3 394 83 441 125 
018272.jpg 3 417 88 462 136 
018282.jpg 3 425 81 471 131 
018292.jpg 3 423 69 473 121 
018302.jpg 3 441 75 494 125 
018313.jpg 3 109 63 162 121 
018327.jpg 3 335 110 385 162 
018333.jpg 3 114 48 180 110 
018343.jpg 3 145 56 208 117 
018353.jpg 3 166 40 233 110 
018363.jpg 3 195 31 264 100 
018373.jpg 3 224 29 299 102 
018383.jpg 3 254 6 339 90 
018393.jpg 3 301 0 385 96 
018408.jpg 3 347 198 441 296 
018419.jpg 3 45 164 145 263 
018429.jpg 3 115 141 220 248 
018439.jpg 3 197 123 305 260 
018449.jpg 3 291 100 410 248 
018458.jpg 3 80 12 151 79 
018467.jpg 3 346 98 398 152 
018477.jpg 3 379 70 437 133 
018487.jpg 3 396 50 460 116 
018497.jpg 3 419 22 489 91 
018504.jpg 3 136 104 172 150 
018514.jpg 3 264 90 307 146 
018524.jpg 3 247 115 283 158 
018534.jpg 3 360 113 403 165 
018542.jpg 3 421 85 465 131 
018552.jpg 3 435 71 481 123 
018563.jpg 3 91 65 147 121 
018573.jpg 3 114 52 178 113 
018583.jpg 3 143 40 208 106 
018593.jpg 3 164 29 231 104 
018603.jpg 3 195 10 268 88 
018618.jpg 3 254 175 337 273 
018628.jpg 3 299 150 393 258 
018638.jpg 3 327 133 431 248 
018648.jpg 3 364 108 477 229 
018659.jpg 3 57 85 172 223 
018669.jpg 3 116 47 243 206 
018679.jpg 3 193 18 328 177 
018689.jpg 3 293 93 351 166 
018699.jpg 3 195 25 264 104 
018709.jpg 3 153 2 224 91 
018712.jpg 3 128 65 170 111 
018721.jpg 3 406 35 461 90 
018731.jpg 3 354 15 415 83 
018746.jpg 3 275 189 340 260 
018756.jpg 3 246 179 323 254 
018766.jpg 3 202 162 277 244 
018776.jpg 3 124 129 216 221 
018786.jpg 3 74 104 168 206 
018795.jpg 3 381 83 477 189 
018805.jpg 3 331 60 431 177 
018815.jpg 3 311 48 413 167 
018825.jpg 3 244 18 358 154 
018835.jpg 3 225 16 340 148 
018845.jpg 3 212 166 254 223 
018855.jpg 3 215 162 263 229 
018865.jpg 3 227 158 275 223 
018875.jpg 3 237 152 283 214 
018885.jpg 3 248 148 290 212 
018895.jpg 3 260 146 304 206 
018905.jpg 3 273 141 317 200 
018915.jpg 3 283 139 333 198 
018925.jpg 3 302 139 350 202 
018935.jpg 3 321 137 371 200 
018935.jpg 3 325 139 373 204 
018945.jpg 3 354 139 400 198 
018955.jpg 3 384 137 434 194 
018965.jpg 3 415 133 467 196 
018975.jpg 3 448 131 498 194 
018986.jpg 3 122 133 173 192 
018996.jpg 3 147 127 204 191 
019006.jpg 3 181 125 233 189 
019016.jpg 3 210 121 269 189 
019026.jpg 3 241 121 298 183 
019036.jpg 3 269 118 327 183 
019046.jpg 3 300 114 354 179 
019056.jpg 3 327 114 379 183 
019066.jpg 3 350 112 408 183 
019076.jpg 3 375 110 435 181 
019086.jpg 3 398 106 458 177 
019096.jpg 3 419 112 484 183 
019107.jpg 3 87 112 153 183 
019117.jpg 3 116 110 177 179 
019127.jpg 3 141 108 202 183 
019137.jpg 3 160 106 231 183 
019147.jpg 3 195 106 264 181 
019157.jpg 3 224 104 291 181 
019167.jpg 3 256 100 323 177 
019177.jpg 3 283 91 358 167 
019187.jpg 3 318 87 394 171 
019197.jpg 3 352 85 425 167 
019207.jpg 3 391 83 464 160 
019218.jpg 3 72 79 147 164 
019228.jpg 3 109 77 189 160 
019238.jpg 3 149 64 218 150 
019248.jpg 3 178 52 251 141 
019258.jpg 3 199 48 279 137 
019268.jpg 3 216 35 295 127 
019278.jpg 3 226 22 306 116 
019292.jpg 3 371 98 416 146 
019302.jpg 3 369 100 412 144 
019312.jpg 3 371 98 419 144 
019322.jpg 3 379 92 427 144 
019332.jpg 3 393 90 441 146 
019342.jpg 3 402 90 460 144 
019352.jpg 3 421 83 479 136 
019363.jpg 3 95 77 151 140 
019373.jpg 3 124 73 193 138 
019383.jpg 3 162 67 228 133 
019393.jpg 3 201 58 268 129 
019403.jpg 3 239 50 314 127 
019413.jpg 3 285 37 370 129 
019423.jpg 3 331 29 422 123 
019433.jpg 3 393 14 487 119 
019449.jpg 3 115 198 214 308 
019459.jpg 3 201 171 318 306 
019467.jpg 3 412 166 452 212 
019477.jpg 3 410 160 452 212 
019487.jpg 3 404 148 450 196 
019497.jpg 3 402 135 450 189 
019507.jpg 3 400 119 450 179 
019517.jpg 3 398 104 452 162 
019527.jpg 3 398 87 460 144 
019537.jpg 3 406 68 464 129 
019547.jpg 3 412 45 475 112 
019557.jpg 3 419 8 490 75 
019562.jpg 3 279 17 316 60 
019572.jpg 3 285 12 321 58 
019582.jpg 3 285 0 329 50 
019597.jpg 3 287 198 331 248 
019607.jpg 3 295 198 335 246 
019617.jpg 3 295 194 345 250 
019627.jpg 3 298 194 345 242 
019637.jpg 3 300 189 348 235 
019647.jpg 3 306 181 348 231 
019657.jpg 3 310 181 356 231 
019667.jpg 3 308 173 356 223 
019677.jpg 3 314 160 362 215 
019687.jpg 3 318 150 364 204 
019697.jpg 3 318 143 371 202 
019707.jpg 3 325 141 381 198 
019717.jpg 3 335 135 391 189 
019727.jpg 3 348 127 402 189 
019737.jpg 3 352 119 412 183 
019747.jpg 3 364 114 421 181 
019757.jpg 3 369 112 429 177 
019767.jpg 3 379 104 441 167 
019777.jpg 3 383 85 448 156 
019787.jpg 3 379 58 452 131 
019797.jpg 3 396 66 471 139 
019807.jpg 3 408 58 479 131 
019817.jpg 3 402 50 475 125 
019827.jpg 3 398 35 477 118 
019838.jpg 3 62 22 145 104 
019848.jpg 3 64 6 151 93 
019858.jpg 3 70 0 153 79 
019862.jpg 3 295 2 341 54 
019877.jpg 3 293 196 346 252 
019887.jpg 3 293 181 352 250 
019897.jpg 3 297 181 350 239 
019907.jpg 3 304 177 354 233 
019917.jpg 3 306 169 356 223 
019927.jpg 3 308 162 364 221 
019937.jpg 3 312 158 371 214 
019947.jpg 3 320 154 379 212 
019957.jpg 3 325 143 391 208 
019967.jpg 3 337 135 402 198 
019977.jpg 3 346 121 414 189 
019987.jpg 3 360 106 423 175 
019997.jpg 3 371 95 441 166 
020007.jpg 3 381 77 454 152 
020017.jpg 3 414 47 485 121 
020028.jpg 3 64 18 149 104 
020042.jpg 3 387 60 427 100 
020052.jpg 3 396 62 439 104 
020062.jpg 3 404 58 448 102 
020072.jpg 3 427 48 477 96 
020082.jpg 3 439 40 490 92 
020093.jpg 3 101 37 149 88 
020103.jpg 3 112 29 168 85 
020109.jpg 3 226 91 326 214 
020113.jpg 3 126 23 185 83 
020123.jpg 3 166 14 231 79 
020138.jpg 3 291 177 372 262 
020148.jpg 3 397 139 487 252 
020159.jpg 3 193 93 293 225 
020169.jpg 3 308 64 403 208 
020170.jpg 30 183 37 231 83 
020186.jpg 30 172 198 223 250 
020196.jpg 30 419 179 483 240 
020207.jpg 30 229 156 293 217 
020218.jpg 30 109 104 180 181 
020228.jpg 30 224 100 304 183 
020238.jpg 30 343 47 443 144 
020249.jpg 30 86 16 184 119 
020257.jpg 30 329 146 394 212 
020267.jpg 30 368 139 437 204 
020277.jpg 30 402 135 475 202 
020288.jpg 30 80 116 155 187 
020298.jpg 30 112 110 185 179 
020308.jpg 30 137 118 216 192 
020318.jpg 30 197 108 278 187 
020328.jpg 30 226 102 306 181 
020338.jpg 30 256 77 339 160 
020348.jpg 30 281 60 372 148 
020358.jpg 30 310 52 400 141 
020368.jpg 30 337 35 431 133 
020378.jpg 30 370 18 468 118 
020395.jpg 30 167 194 212 242 
020405.jpg 30 287 187 331 239 
020415.jpg 30 287 191 331 235 
020425.jpg 30 323 187 367 237 
020435.jpg 30 358 185 404 233 
020445.jpg 30 388 183 436 231 
020455.jpg 30 419 181 465 231 
020466.jpg 30 116 171 164 225 
020476.jpg 30 133 169 185 221 
020486.jpg 30 150 175 202 227 
020496.jpg 30 172 169 221 223 
020506.jpg 30 218 167 266 221 
020516.jpg 30 237 169 287 221 
020526.jpg 30 262 167 312 225 
020526.jpg 30 262 171 316 227 
020536.jpg 30 283 175 335 229 
020536.jpg 30 283 175 339 231 
020546.jpg 30 310 173 364 231 
020556.jpg 30 329 171 388 229 
020556.jpg 30 333 173 385 225 
020566.jpg 30 356 166 410 223 
020566.jpg 30 358 167 410 225 
020576.jpg 30 373 160 433 227 
020576.jpg 30 377 162 431 223 
020586.jpg 30 398 164 456 227 
020586.jpg 30 398 166 454 223 
020596.jpg 30 419 162 473 219 
020596.jpg 30 419 162 479 223 
020606.jpg 30 436 160 498 219 
020617.jpg 30 101 160 164 217 
020627.jpg 30 124 160 183 221 
020637.jpg 30 151 160 208 217 
020647.jpg 30 174 160 239 221 
020657.jpg 30 208 160 275 221 
020657.jpg 30 212 160 273 223 
020667.jpg 30 247 156 312 219 
020677.jpg 30 285 152 354 214 
020683.jpg 32 164 88 197 131 
020692.jpg 32 408 79 442 123 
020702.jpg 32 189 79 225 123 
020711.jpg 32 281 65 327 117 
020720.jpg 32 338 65 388 123 
020730.jpg 32 135 73 179 125 
020740.jpg 32 66 27 118 81 
020750.jpg 32 185 17 240 73 
020760.jpg 32 267 0 329 62 
020776.jpg 32 89 167 154 237 
020786.jpg 32 220 162 296 233 
020796.jpg 32 364 146 444 229 
020807.jpg 32 264 110 360 206 
020818.jpg 32 135 66 253 183 
020829.jpg 32 168 0 301 141 
020830.jpg 4 427 88 480 138 
020840.jpg 4 394 71 450 129 
020850.jpg 4 306 65 369 127 
020860.jpg 4 256 56 317 123 
020870.jpg 4 198 52 262 129 
020880.jpg 4 133 42 204 125 
020890.jpg 4 60 31 125 123 
020903.jpg 4 130 83 170 127 
020912.jpg 4 417 85 456 135 
020922.jpg 4 302 71 346 129 
020932.jpg 4 166 60 216 117 
020941.jpg 4 373 40 436 108 
020951.jpg 4 248 27 308 113 
020961.jpg 4 137 23 202 106 
020970.jpg 4 369 6 434 100 
020985.jpg 4 231 194 300 300 
020992.jpg 4 131 98 162 131 
021001.jpg 4 452 79 492 123 
021011.jpg 4 390 46 450 100 
021026.jpg 4 316 194 394 277 
021036.jpg 4 133 98 266 229 
021045.jpg 4 290 2 477 167 
021051.jpg 4 204 63 243 104 
021061.jpg 4 143 42 187 90 
021071.jpg 4 106 33 154 85 
021080.jpg 4 419 31 479 88 
021090.jpg 4 381 15 429 73 
021100.jpg 4 323 0 386 71 
021115.jpg 4 294 192 354 265 
021125.jpg 4 269 189 327 260 
021135.jpg 4 198 169 262 250 
021145.jpg 4 102 144 173 233 
021155.jpg 4 48 127 121 223 
021161.jpg 4 398 27 436 75 
021171.jpg 4 396 14 440 63 
021186.jpg 4 375 194 429 252 
021196.jpg 4 287 156 360 231 
021206.jpg 4 208 118 291 206 
021216.jpg 4 95 66 200 169 
021220.jpg 4 467 77 498 110 
021230.jpg 4 377 73 409 108 
021240.jpg 4 235 62 267 104 
021250.jpg 4 62 50 96 104 
021261.jpg 5 210 119 239 148 
021271.jpg 5 189 115 218 144 
021281.jpg 5 160 106 193 140 
021290.jpg 5 429 100 465 140 
021300.jpg 5 367 90 406 133 
021310.jpg 5 335 87 371 129 
021320.jpg 5 292 83 333 129 
021330.jpg 5 250 77 288 127 
021340.jpg 5 137 65 181 119 
021350.jpg 5 68 60 112 119 
021361.jpg 5 241 123 269 150 
021371.jpg 5 431 96 463 133 
021381.jpg 5 398 81 440 119 
021391.jpg 5 373 62 419 108 
021401.jpg 5 342 42 394 96 
021411.jpg 5 287 21 348 87 
021426.jpg 5 183 183 268 263 
021436.jpg 5 108 152 202 244 
021445.jpg 5 363 112 473 223 
021455.jpg 5 217 58 348 189 
021461.jpg 5 306 100 335 131 
021471.jpg 5 268 92 292 125 
021481.jpg 5 260 94 287 123 
021491.jpg 5 250 92 285 131 
021491.jpg 5 252 96 285 127 
021501.jpg 5 239 98 268 131 
021511.jpg 5 229 98 260 131 
021521.jpg 5 212 96 246 131 
021531.jpg 5 198 92 229 131 
021541.jpg 5 187 85 223 129 
021551.jpg 5 181 83 218 125 
021561.jpg 5 166 81 208 129 
021571.jpg 5 145 73 189 117 
021581.jpg 5 133 69 179 115 
021591.jpg 5 120 58 168 108 
021601.jpg 5 114 60 158 102 
021611.jpg 5 99 56 147 108 
021620.jpg 5 429 46 482 108 
021630.jpg 5 411 39 463 100 
021640.jpg 5 388 35 450 100 
021650.jpg 5 338 10 402 85 
021665.jpg 5 262 185 338 273 
021675.jpg 5 215 164 292 262 
021685.jpg 5 160 148 239 240 
021695.jpg 5 93 123 175 244 
021705.jpg 5 10 95 95 225 
021712.jpg 5 402 113 431 144 
021722.jpg 5 358 115 387 144 
021732.jpg 5 318 113 348 146 
021742.jpg 5 279 113 310 144 
021752.jpg 5 237 113 268 144 
021762.jpg 5 193 113 225 144 
021772.jpg 5 149 110 183 140 
021781.jpg 5 460 108 496 142 
021791.jpg 5 415 108 450 140 
021801.jpg 5 373 104 412 142 
021811.jpg 5 335 102 371 140 
021821.jpg 5 296 98 331 142 
021831.jpg 5 262 98 296 140 
021841.jpg 5 221 98 262 144 
021851.jpg 5 185 96 221 138 
021861.jpg 5 143 92 185 136 
021871.jpg 5 104 94 145 135 
021880.jpg 5 417 90 459 136 
021890.jpg 5 377 85 421 135 
021900.jpg 5 338 87 381 133 
021910.jpg 5 296 79 344 135 
021920.jpg 5 260 79 304 129 
021930.jpg 5 221 75 267 136 
021940.jpg 5 177 71 225 135 
021950.jpg 5 127 67 179 136 
021960.jpg 5 73 65 123 135 
021970.jpg 5 12 60 62 135 
021981.jpg 5 350 111 383 142 
021991.jpg 5 339 108 373 144 
022001.jpg 5 319 104 362 144 
022011.jpg 5 316 106 352 140 
022021.jpg 5 304 98 348 136 
022031.jpg 5 312 94 356 136 
022041.jpg 5 317 88 364 136 
022051.jpg 5 312 85 364 133 
022061.jpg 5 308 77 356 129 
022071.jpg 5 296 75 352 129 
022081.jpg 5 285 67 340 125 
022091.jpg 5 266 63 325 117 
022101.jpg 5 237 54 298 117 
022111.jpg 5 210 48 273 113 
022121.jpg 5 175 37 243 106 
022131.jpg 5 131 25 198 100 
022141.jpg 5 70 6 148 94 
022155.jpg 5 356 191 436 290 
022165.jpg 5 267 171 358 277 
022175.jpg 5 160 144 250 267 
022185.jpg 5 25 119 116 252 
022191.jpg 5 362 111 394 144 
022201.jpg 5 358 108 392 144 
022211.jpg 5 352 106 388 144 
022221.jpg 5 344 104 383 144 
022231.jpg 5 342 106 375 138 
022241.jpg 5 335 102 369 136 
022251.jpg 5 325 98 364 136 
022261.jpg 5 319 94 365 138 
022271.jpg 5 319 90 360 135 
022281.jpg 5 312 85 358 129 
022291.jpg 5 306 81 358 131 
022301.jpg 5 302 75 348 129 
022311.jpg 5 289 69 346 125 
022321.jpg 5 281 63 335 119 
022331.jpg 5 264 52 327 115 
022341.jpg 5 244 42 310 108 
022351.jpg 5 212 29 285 100 
022361.jpg 5 164 14 246 96 
022376.jpg 5 112 198 196 288 
022385.jpg 5 398 169 494 277 
022395.jpg 5 321 144 423 260 
022405.jpg 5 214 104 327 244 
022415.jpg 5 62 56 187 215 
022421.jpg 5 431 88 469 131 
022431.jpg 5 406 65 452 113 
022441.jpg 5 352 48 408 100 
022451.jpg 5 287 14 362 85 
022466.jpg 5 204 179 291 263 
022476.jpg 5 79 106 191 227 
022485.jpg 5 319 54 461 187 
022490.jpg 5 434 31 484 79 
022500.jpg 5 379 15 429 67 
022515.jpg 5 310 198 361 258 
022525.jpg 5 215 175 273 240 
022530.jpg 5 348 2 400 60 
022545.jpg 5 225 169 283 239 
022550.jpg 5 377 4 429 60 
022565.jpg 5 290 189 346 252 
022575.jpg 5 169 162 233 237 
022581.jpg 5 250 69 292 113 
022591.jpg 5 147 46 189 92 
022600.jpg 5 452 33 498 87 
022610.jpg 5 317 2 371 62 
022625.jpg 5 217 177 279 248 
022635.jpg 5 93 148 154 231 
022642.jpg 5 400 58 431 102 
022652.jpg 5 398 46 439 90 
022662.jpg 5 394 37 437 85 
022672.jpg 5 391 33 439 83 
022682.jpg 5 389 23 435 75 
022697.jpg 5 256 173 321 237 
022706.jpg 5 337 73 431 162 
022716.jpg 5 283 56 383 146 
022720.jpg 5 371 67 396 102 
022730.jpg 5 83 48 110 92 
022741.jpg 5 377 92 404 119 
022751.jpg 5 348 85 375 113 
022761.jpg 5 312 73 346 108 
022771.jpg 5 268 58 304 96 
022781.jpg 5 239 52 275 88 
022791.jpg 5 158 29 200 71 
022801.jpg 5 104 14 148 63 
022815.jpg 5 390 194 440 252 
022825.jpg 5 296 171 358 239 
022835.jpg 5 181 139 248 215 
022845.jpg 5 29 91 96 189 
022851.jpg 5 252 63 291 100 
022861.jpg 5 225 58 264 94 
022871.jpg 5 166 42 206 85 
022880.jpg 5 438 19 488 65 
022890.jpg 5 381 4 434 58 
022905.jpg 5 300 179 358 242 
022915.jpg 5 223 162 285 227 
022925.jpg 5 121 131 185 210 
022935.jpg 5 56 112 121 206 
022945.jpg 5 267 179 317 239 
022955.jpg 5 129 139 187 219 
022965.jpg 5 50 118 104 202 
022971.jpg 5 131 21 181 75 
022981.jpg 5 102 19 148 69 
022990.jpg 5 423 8 461 58 
023005.jpg 5 371 198 421 250 
023015.jpg 5 317 183 371 239 
023025.jpg 5 256 166 308 227 
023035.jpg 5 187 154 244 214 
023045.jpg 5 102 129 154 206 
023051.jpg 5 429 65 467 102 
023061.jpg 5 412 67 448 106 
023071.jpg 5 367 42 415 81 
023081.jpg 5 342 25 394 73 
023091.jpg 5 308 10 367 62 
023106.jpg 5 273 189 340 252 
023116.jpg 5 225 158 294 231 
023126.jpg 5 150 119 233 196 
023135.jpg 5 398 48 492 156 
023141.jpg 5 241 60 279 94 
023151.jpg 5 139 33 181 73 
023161.jpg 5 346 52 398 88 
023176.jpg 5 229 187 292 244 
023185.jpg 5 396 89 480 179 
023195.jpg 5 194 0 306 112 
023201.jpg 5 369 46 410 94 
023211.jpg 5 314 25 367 71 
023226.jpg 5 214 166 291 237 
023236.jpg 5 135 121 225 214 
023245.jpg 5 383 64 475 167 
023251.jpg 5 329 52 375 104 
023261.jpg 5 310 40 362 98 
023271.jpg 5 248 4 317 69 
023286.jpg 5 202 183 273 258 
023296.jpg 5 129 144 214 233 
023305.jpg 5 379 96 473 191 
023315.jpg 5 215 22 331 141 
023322.jpg 5 124 90 156 123 
023332.jpg 5 101 58 147 100 
023341.jpg 5 436 50 490 102 
023351.jpg 5 423 12 481 71 
023361.jpg 5 352 8 423 81 
023376.jpg 5 264 160 352 244 
023386.jpg 5 189 129 285 227 
023396.jpg 5 83 64 200 179 
023401.jpg 5 352 67 400 108 
023411.jpg 5 229 39 281 87 
023421.jpg 5 127 23 191 85 
023435.jpg 5 296 192 367 263 
023445.jpg 5 139 164 208 265 
023455.jpg 5 45 144 119 248 
023461.jpg 5 427 87 465 123 
023471.jpg 5 388 75 433 117 
023481.jpg 5 342 48 396 100 
023491.jpg 5 269 12 331 81 
023506.jpg 5 152 154 239 240 
023515.jpg 5 379 112 488 212 
023525.jpg 5 175 23 321 152 
023534.jpg 5 186 104 211 138 
023543.jpg 5 402 71 435 110 
023553.jpg 5 272 65 310 108 
023563.jpg 5 157 44 203 92 
023572.jpg 5 383 35 427 85 
023582.jpg 5 227 21 281 73 
023596.jpg 5 404 192 460 256 
023606.jpg 5 300 179 360 242 
023615.jpg 5 427 164 490 242 
023625.jpg 5 173 150 244 229 
023635.jpg 5 50 121 119 217 
023641.jpg 5 365 39 413 87 
023651.jpg 5 273 2 344 67 
023666.jpg 5 148 123 250 215 
023676.jpg 5 68 83 177 185 
023685.jpg 5 285 14 417 131 
023691.jpg 5 210 67 248 111 
023700.jpg 5 396 17 440 67 
023715.jpg 5 200 181 254 242 
023725.jpg 5 108 158 164 233 
023735.jpg 5 2 143 52 219 
023741.jpg 5 398 71 436 108 
023751.jpg 5 333 39 381 90 
023761.jpg 5 266 2 321 63 
023776.jpg 5 183 154 252 229 
023785.jpg 5 394 81 486 175 
023795.jpg 5 275 14 375 127 
023801.jpg 5 262 69 298 108 
023811.jpg 5 225 52 264 94 
023821.jpg 5 183 48 223 88 
023831.jpg 5 125 21 172 73 
023845.jpg 5 348 181 406 244 
023855.jpg 5 283 171 346 240 
023865.jpg 5 119 144 192 221 
023875.jpg 5 14 112 87 200 
023881.jpg 5 410 75 446 110 
023891.jpg 5 352 65 390 108 
023901.jpg 5 258 58 298 106 
023910.jpg 5 442 52 488 98 
023920.jpg 5 260 39 308 98 
023930.jpg 5 143 31 191 94 
023940.jpg 5 83 27 137 92 
023950.jpg 5 0 15 45 90 
023963.jpg 5 341 81 379 125 
023973.jpg 5 235 71 278 115 
023982.jpg 5 331 52 383 106 
023991.jpg 5 435 40 490 102 
024001.jpg 5 323 25 387 90 
024011.jpg 5 212 14 283 87 
024026.jpg 5 74 192 156 277 
024035.jpg 5 279 167 358 263 
024041.jpg 5 344 81 375 115 
024051.jpg 5 329 79 365 113 
024061.jpg 5 314 73 350 110 
024071.jpg 5 298 71 333 108 
024081.jpg 5 275 65 312 104 
024091.jpg 5 248 60 289 96 
024101.jpg 5 220 40 264 87 
024111.jpg 5 175 31 225 81 
024121.jpg 5 135 25 183 75 
024135.jpg 5 423 194 484 256 
024145.jpg 5 354 175 413 244 
024155.jpg 5 246 154 321 231 
024165.jpg 5 108 102 187 200 
024171.jpg 5 256 69 287 106 
024181.jpg 5 223 62 256 100 
024191.jpg 5 193 58 225 94 
024201.jpg 5 148 48 189 92 
024210.jpg 5 450 35 496 85 
024220.jpg 5 390 17 438 73 
024230.jpg 5 313 2 367 62 
024245.jpg 5 217 175 275 246 
024255.jpg 5 98 148 158 233 
024263.jpg 5 364 81 397 117 
024273.jpg 5 191 65 224 110 
024283.jpg 5 124 62 157 106 
024292.jpg 5 335 54 369 98 
024301.jpg 5 436 37 475 79 
024311.jpg 5 264 25 298 67 
024320.jpg 5 423 37 461 87 
024330.jpg 5 242 35 279 85 
024341.jpg 5 356 106 390 138 
024351.jpg 5 356 98 388 135 
024361.jpg 5 352 85 385 119 
024371.jpg 5 350 83 383 117 
024381.jpg 5 342 77 381 113 
024391.jpg 5 337 71 377 110 
024401.jpg 5 333 67 373 110 
024411.jpg 5 325 65 367 106 
024421.jpg 5 312 58 358 104 
024431.jpg 5 300 50 348 96 
024441.jpg 5 283 39 335 88 
024451.jpg 5 266 33 317 83 
024461.jpg 5 235 6 296 71 
024476.jpg 5 200 191 266 258 
024486.jpg 5 150 167 229 250 
024496.jpg 5 89 131 179 219 
024505.jpg 5 358 81 459 183 
024515.jpg 5 221 12 340 141 
024521.jpg 5 461 102 492 136 
024531.jpg 5 450 92 479 127 
024541.jpg 5 442 88 477 125 
024551.jpg 5 440 88 473 125 
024561.jpg 5 438 87 471 123 
024571.jpg 5 435 81 469 121 
024581.jpg 5 431 81 465 119 
024591.jpg 5 427 83 461 115 
024601.jpg 5 419 73 460 115 
024611.jpg 5 412 71 454 115 
024621.jpg 5 406 69 442 110 
024631.jpg 5 400 65 440 111 
024641.jpg 5 388 63 433 111 
024651.jpg 5 385 54 427 96 
024661.jpg 5 377 39 425 83 
024671.jpg 5 358 39 410 87 
024681.jpg 5 344 50 396 100 
024691.jpg 5 348 44 400 102 
024701.jpg 5 327 27 381 81 
024716.jpg 5 308 187 364 248 
024726.jpg 5 289 179 352 240 
024736.jpg 5 250 196 312 262 
024741.jpg 5 227 4 294 75 
024756.jpg 5 200 173 273 250 
024766.jpg 5 143 129 221 212 
024776.jpg 5 97 114 177 202 
024786.jpg 5 66 119 158 219 
024795.jpg 5 344 62 454 177 
024801.jpg 5 392 98 421 125 
024811.jpg 5 364 90 392 119 
024821.jpg 5 354 88 383 119 
024831.jpg 5 342 85 375 117 
024841.jpg 5 335 87 364 117 
024851.jpg 5 316 83 346 117 
024861.jpg 5 306 81 337 115 
024871.jpg 5 294 83 325 117 
024881.jpg 5 283 81 316 115 
024891.jpg 5 271 79 308 115 
024901.jpg 5 262 79 294 111 
024911.jpg 5 250 73 287 108 
024921.jpg 5 225 63 266 102 
024931.jpg 5 214 63 250 98 
024941.jpg 5 200 58 241 100 
024951.jpg 5 160 52 202 96 
024960.jpg 5 457 42 498 87 
024971.jpg 5 120 46 162 92 
024980.jpg 5 448 40 492 88 
024990.jpg 5 398 31 442 81 
025000.jpg 5 369 23 417 77 
025010.jpg 5 338 25 386 75 
025020.jpg 5 308 17 356 71 
025030.jpg 5 273 17 323 71 
025040.jpg 5 239 8 287 63 
025050.jpg 5 198 6 252 62 
025060.jpg 5 164 2 210 62 
025075.jpg 5 121 194 169 258 
025085.jpg 5 75 181 125 248 
025095.jpg 5 25 177 75 244 
025103.jpg 5 168 54 201 88 
025112.jpg 5 354 33 393 73 
025127.jpg 5 114 194 164 242 
025136.jpg 5 354 167 408 225 
025146.jpg 5 269 141 333 200 
025156.jpg 5 185 104 260 173 
025166.jpg 5 76 50 154 139 
025175.jpg 5 350 16 436 116 
025182.jpg 6 371 56 408 96 
025192.jpg 6 383 54 421 98 
025202.jpg 6 391 50 433 94 
025212.jpg 6 406 33 450 83 
025222.jpg 6 417 35 458 79 
025232.jpg 6 421 35 467 83 
025242.jpg 6 423 19 473 69 
025252.jpg 6 431 10 485 58 
025262.jpg 6 441 4 490 52 
025278.jpg 6 97 181 155 242 
025288.jpg 6 114 175 178 237 
025298.jpg 6 139 162 208 233 
025308.jpg 6 174 137 241 208 
025318.jpg 6 205 110 285 191 
025328.jpg 6 245 83 339 175 
025338.jpg 6 301 41 408 146 
025348.jpg 6 377 0 493 104 
025353.jpg 6 345 12 374 48 
025363.jpg 6 314 6 345 44 
025373.jpg 6 285 6 316 40 
025383.jpg 6 254 2 287 39 
025398.jpg 6 224 194 256 231 
025408.jpg 6 193 189 228 229 
025418.jpg 6 162 185 203 221 
025428.jpg 6 137 175 172 217 
025438.jpg 6 112 171 155 214 
025447.jpg 6 444 158 487 206 
025457.jpg 6 429 150 471 198 
025467.jpg 6 414 146 456 192 
025477.jpg 6 398 137 442 185 
025487.jpg 6 381 121 427 175 
025497.jpg 6 364 108 416 167 
025507.jpg 6 352 98 404 154 
025517.jpg 6 341 81 398 143 
025527.jpg 6 337 66 393 125 
025537.jpg 6 335 48 394 112 
025547.jpg 6 337 22 404 87 
025557.jpg 6 348 2 417 68 
025568.jpg 6 241 91 293 146 
025578.jpg 6 268 68 322 125 
025588.jpg 6 299 45 354 106 
025598.jpg 6 337 14 397 77 
025613.jpg 6 260 50 306 108 
025623.jpg 6 289 42 339 104 
025633.jpg 6 324 27 377 94 
025643.jpg 6 370 14 429 85 
025658.jpg 6 431 196 493 275 
025669.jpg 6 155 175 224 265 
025679.jpg 6 260 137 333 244 
025689.jpg 6 401 96 483 221 
025695.jpg 6 2 158 48 215 
025705.jpg 6 33 144 83 204 
025715.jpg 6 181 106 239 171 
025725.jpg 6 269 81 325 146 
025735.jpg 6 417 31 480 110 
025746.jpg 6 172 0 243 71 
025758.jpg 6 343 144 385 189 
025768.jpg 6 406 114 450 164 
025779.jpg 6 136 70 187 123 
025789.jpg 6 262 6 310 70 
025793.jpg 6 187 83 230 121 
025803.jpg 6 237 65 281 110 
025813.jpg 6 218 42 278 96 
025822.jpg 6 394 4 462 67 
025837.jpg 6 222 185 298 265 
025847.jpg 6 176 127 272 237 
025857.jpg 6 304 41 437 173 
025863.jpg 6 441 94 485 142 
025874.jpg 6 143 90 184 142 
025884.jpg 6 201 83 247 136 
025894.jpg 6 280 75 330 135 
025904.jpg 6 376 62 426 129 
025913.jpg 6 441 75 487 125 
025924.jpg 6 182 65 228 121 
025934.jpg 6 305 50 351 117 
025944.jpg 6 358 48 403 115 
025954.jpg 6 393 40 452 121 
025962.jpg 6 398 71 439 121 
025972.jpg 6 425 19 487 90 
025987.jpg 6 425 196 498 279 
025998.jpg 6 122 129 214 235 
026008.jpg 6 166 75 289 202 
026012.jpg 6 396 71 442 119 
026023.jpg 6 312 56 372 123 
026033.jpg 6 339 46 400 117 
026043.jpg 6 402 29 470 113 
026054.jpg 6 99 12 172 104 
026064.jpg 6 120 8 201 100 
026079.jpg 6 141 198 228 302 
026089.jpg 6 176 154 262 269 
026099.jpg 6 193 52 308 212 
026109.jpg 6 224 31 331 198 
026113.jpg 6 266 65 308 106 
026123.jpg 6 302 58 350 106 
026133.jpg 6 347 48 400 100 
026143.jpg 6 400 39 458 92 
026154.jpg 6 105 23 168 81 
026164.jpg 6 176 8 239 71 
026179.jpg 6 251 192 320 267 
026189.jpg 6 331 177 406 262 
026199.jpg 6 376 162 454 254 
026209.jpg 6 427 152 495 248 
026214.jpg 6 283 75 333 131 
026224.jpg 6 124 31 184 96 
026234.jpg 6 195 6 259 83 
026249.jpg 6 283 192 347 277 
026259.jpg 6 376 179 447 273 
026269.jpg 6 429 169 499 271 
026273.jpg 6 266 56 320 110 
026283.jpg 6 333 44 387 104 
026294.jpg 6 111 19 178 94 
026304.jpg 6 168 12 239 85 
026319.jpg 6 322 181 393 269 
026323.jpg 6 170 88 210 136 
026333.jpg 6 189 81 235 129 
026343.jpg 6 210 77 258 125 
026353.jpg 6 272 62 327 117 
026363.jpg 6 356 40 414 108 
026373.jpg 6 427 27 491 98 
026384.jpg 6 163 8 230 87 
026399.jpg 6 214 192 289 279 
026409.jpg 6 353 179 427 277 
026413.jpg 6 214 79 258 119 
026423.jpg 6 258 67 306 117 
026433.jpg 6 314 56 368 110 
026443.jpg 6 350 48 404 106 
026454.jpg 6 86 33 145 98 
026464.jpg 6 139 15 212 87 
026474.jpg 6 212 4 280 79 
026489.jpg 6 293 194 370 279 
026499.jpg 6 393 177 472 269 
026503.jpg 6 260 63 306 108 
026513.jpg 6 352 35 408 96 
026524.jpg 6 86 14 149 79 
026539.jpg 6 211 179 278 262 
026549.jpg 6 387 143 458 240 
026553.jpg 6 178 106 222 154 
026563.jpg 6 285 92 347 154 
026574.jpg 6 105 54 184 136 
026584.jpg 6 335 15 429 125 
026593.jpg 6 160 121 197 156 
026602.jpg 6 408 111 442 152 
026612.jpg 6 187 113 224 159 
026621.jpg 6 279 108 325 154 
026630.jpg 6 336 110 388 163 
026640.jpg 6 131 121 181 177 
026650.jpg 6 344 50 404 150 
026660.jpg 6 258 44 325 148 
026673.jpg 6 412 94 448 140 
026682.jpg 6 389 102 425 140 
026683.jpg 6 435 94 470 140 
026693.jpg 6 454 87 498 135 
026702.jpg 6 394 90 433 129 
026704.jpg 6 126 75 168 125 
026712.jpg 6 400 85 441 121 
026714.jpg 6 159 73 199 121 
026722.jpg 6 404 79 448 127 
026724.jpg 6 191 69 237 125 
026732.jpg 6 417 83 456 127 
026734.jpg 6 232 67 282 123 
026742.jpg 6 427 75 471 117 
026744.jpg 6 283 58 328 117 
026752.jpg 6 441 67 489 117 
026754.jpg 6 337 58 385 115 
026763.jpg 6 101 62 151 113 
026764.jpg 6 401 52 445 117 
026773.jpg 6 162 46 216 104 
026783.jpg 6 185 39 245 100 
026793.jpg 6 216 25 278 90 
026808.jpg 6 254 192 322 260 
026813.jpg 6 291 0 374 75 
026823.jpg 6 350 15 427 98 
026839.jpg 6 67 162 157 252 
026849.jpg 6 166 121 257 233 
026859.jpg 6 293 96 393 229 
026863.jpg 6 262 121 293 154 
026873.jpg 6 278 110 310 144 
026883.jpg 6 293 98 326 133 
026893.jpg 6 339 102 377 142 
026903.jpg 6 364 92 400 138 
026913.jpg 6 381 85 423 129 
026923.jpg 6 412 88 454 135 
026933.jpg 6 448 83 489 123 
026944.jpg 6 128 71 168 121 
026954.jpg 6 172 79 211 129 
026964.jpg 6 214 69 257 125 
026974.jpg 6 260 67 307 121 
026984.jpg 6 314 65 360 125 
026994.jpg 6 372 56 418 119 
027004.jpg 6 437 63 479 127 
027013.jpg 6 253 106 306 163 
027023.jpg 6 260 100 318 158 
027033.jpg 6 278 88 341 154 
027043.jpg 6 289 88 354 150 
027053.jpg 6 306 81 370 150 
027063.jpg 6 350 67 418 140 
027073.jpg 6 416 50 493 136 
027084.jpg 6 107 42 191 135 
027094.jpg 6 164 31 255 133 
027104.jpg 6 237 15 337 133 
027114.jpg 6 330 6 427 135 
027123.jpg 6 383 50 454 133 
027134.jpg 6 91 48 164 133 
027144.jpg 6 161 35 253 135 
027154.jpg 6 257 27 353 133 
027164.jpg 6 364 12 481 138 
027174.jpg 6 124 63 159 108 
027184.jpg 6 203 58 243 106 
027194.jpg 6 291 54 331 104 
027202.jpg 6 298 39 341 75 
027213.jpg 6 126 4 170 48 
027228.jpg 6 195 187 247 242 
027239.jpg 6 132 146 201 219 
027249.jpg 6 280 116 355 200 
027259.jpg 6 368 106 439 196 
027263.jpg 6 139 39 183 81 
027273.jpg 6 178 27 228 75 
027283.jpg 6 216 8 270 65 
027298.jpg 6 302 183 370 254 
027308.jpg 6 389 150 464 235 
027319.jpg 6 141 123 230 215 
027329.jpg 6 303 70 399 191 
027333.jpg 6 126 106 166 140 
027342.jpg 6 402 96 442 138 
027352.jpg 6 287 79 335 129 
027362.jpg 6 264 52 318 108 
027373.jpg 6 62 17 153 102 
027383.jpg 6 164 6 266 110 
027399.jpg 6 86 152 214 296 
027409.jpg 6 226 137 362 296 
027412.jpg 6 181 63 227 108 
027422.jpg 6 262 62 312 111 
027432.jpg 6 356 56 408 115 
027443.jpg 6 80 42 153 117 
027453.jpg 6 166 29 253 117 
027468.jpg 6 329 192 437 302 
027479.jpg 6 211 166 339 317 
027489.jpg 6 349 158 479 319 
027493.jpg 6 128 100 166 138 
027503.jpg 6 178 81 224 133 
027513.jpg 6 239 69 301 129 
027523.jpg 6 370 44 441 121 
027534.jpg 6 235 17 324 125 
027544.jpg 6 347 8 447 131 
027550.jpg 6 415 21 452 81 
027560.jpg 7 311 8 363 58 
027575.jpg 7 310 185 371 248 
027585.jpg 7 158 144 225 221 
027590.jpg 7 373 12 423 65 
027605.jpg 7 252 187 313 254 
027615.jpg 7 225 169 288 242 
027625.jpg 7 204 173 263 240 
027631.jpg 7 220 67 256 106 
027641.jpg 7 202 60 241 106 
027651.jpg 7 175 46 218 96 
027661.jpg 7 131 40 177 90 
027670.jpg 7 431 25 479 85 
027685.jpg 7 250 183 304 258 
027695.jpg 7 302 196 359 262 
027705.jpg 7 177 166 237 244 
027711.jpg 7 181 48 223 90 
027721.jpg 7 143 31 191 83 
027731.jpg 7 97 17 147 75 
027745.jpg 7 396 196 450 262 
027755.jpg 7 327 181 381 246 
027765.jpg 7 233 154 294 237 
027775.jpg 7 110 129 175 217 
027783.jpg 7 114 44 170 98 
027793.jpg 7 141 27 199 92 
027803.jpg 7 155 21 216 88 
027813.jpg 7 187 8 251 83 
027828.jpg 7 208 187 289 273 
027838.jpg 7 239 164 326 254 
027848.jpg 7 270 137 370 246 
027858.jpg 7 343 85 462 219 
027869.jpg 7 65 43 197 187 
027879.jpg 7 122 20 257 179 
027890.jpg 7 407 8 457 67 
027905.jpg 7 242 160 311 240 
027915.jpg 7 137 129 208 219 
027929.jpg 7 157 127 247 212 
027939.jpg 7 247 98 343 198 
027949.jpg 7 368 75 462 189 
027953.jpg 7 205 77 247 117 
027963.jpg 7 245 67 291 113 
027973.jpg 7 278 52 331 104 
027983.jpg 7 333 33 395 94 
027998.jpg 7 412 198 487 273 
028009.jpg 7 115 175 201 267 
028019.jpg 7 295 125 391 239 
028024.jpg 7 136 37 172 73 
028031.jpg 7 198 58 235 94 
028041.jpg 7 125 35 162 79 
028050.jpg 7 398 12 444 65 
028065.jpg 7 288 187 338 244 
028075.jpg 7 118 146 177 221 
028085.jpg 7 6 121 66 204 
028091.jpg 7 124 42 168 92 
028100.jpg 7 388 27 434 75 
028110.jpg 7 348 23 396 67 
028124.jpg 7 307 98 347 148 
028134.jpg 7 307 98 347 148 
028144.jpg 7 370 83 408 138 
028154.jpg 7 435 81 475 138 
028162.jpg 7 385 94 421 129 
028172.jpg 7 394 87 433 123 
028182.jpg 7 408 73 441 110 
028192.jpg 7 421 79 456 117 
028202.jpg 7 431 79 473 125 
028212.jpg 7 448 73 490 117 
028223.jpg 7 107 60 155 104 
028233.jpg 7 124 52 174 102 
028243.jpg 7 149 44 201 94 
028253.jpg 7 170 35 228 92 
028263.jpg 7 195 25 258 87 
028273.jpg 7 231 17 295 83 
028283.jpg 7 270 2 339 71 
028298.jpg 7 318 187 395 267 
028308.jpg 7 370 167 460 258 
028319.jpg 7 90 143 182 244 
028329.jpg 7 174 118 276 227 
028339.jpg 7 291 77 395 208 
028342.jpg 7 371 98 404 127 
028352.jpg 7 379 94 412 131 
028362.jpg 7 381 102 416 135 
028372.jpg 7 387 87 423 125 
028382.jpg 7 393 75 433 113 
028392.jpg 7 410 79 448 117 
028402.jpg 7 417 79 458 117 
028412.jpg 7 425 71 469 113 
028422.jpg 7 433 69 479 111 
028432.jpg 7 441 58 490 111 
028443.jpg 7 97 58 153 110 
028453.jpg 7 116 46 168 102 
028463.jpg 7 126 40 185 98 
028473.jpg 7 145 39 203 96 
028483.jpg 7 162 27 224 92 
028493.jpg 7 185 19 251 87 
028503.jpg 7 203 14 283 87 
028518.jpg 7 233 196 320 281 
028528.jpg 7 314 166 404 262 
028538.jpg 7 362 148 462 252 
028549.jpg 7 68 129 176 240 
028559.jpg 7 138 100 260 225 
028569.jpg 7 232 54 360 198 
028579.jpg 7 345 18 483 179 
028584.jpg 7 412 77 454 129 
028590.jpg 8 335 2 386 56 
028605.jpg 8 237 171 294 239 
028612.jpg 8 114 85 153 125 
028621.jpg 8 435 79 481 119 
028631.jpg 8 388 42 442 94 
028641.jpg 8 337 33 402 83 
028651.jpg 8 277 4 356 73 
028666.jpg 8 177 156 275 242 
028676.jpg 8 51 98 181 200 
028685.jpg 8 285 43 440 164 
028691.jpg 8 127 31 172 79 
028700.jpg 8 429 15 480 69 
028715.jpg 8 367 198 419 254 
028725.jpg 8 285 177 338 244 
028735.jpg 8 33 114 98 200 
028741.jpg 8 400 79 442 119 
028751.jpg 8 396 71 440 110 
028761.jpg 8 392 75 435 111 
028771.jpg 8 383 81 431 125 
028781.jpg 8 377 81 423 119 
028791.jpg 8 371 75 417 119 
028801.jpg 8 365 52 412 98 
028811.jpg 8 350 46 404 88 
028821.jpg 8 340 40 396 88 
028831.jpg 8 327 37 381 88 
028841.jpg 8 308 33 369 88 
028851.jpg 8 291 23 352 81 
028861.jpg 8 273 10 337 73 
028871.jpg 8 248 0 316 65 
028886.jpg 8 221 187 296 258 
028896.jpg 8 189 179 273 248 
028906.jpg 8 154 156 243 237 
028916.jpg 8 112 141 204 219 
028926.jpg 8 60 110 158 204 
028935.jpg 8 352 81 457 175 
028945.jpg 8 281 54 388 148 
028951.jpg 8 237 23 279 71 
028961.jpg 8 206 17 250 63 
028971.jpg 8 189 10 235 62 
028981.jpg 8 173 6 220 58 
028991.jpg 8 158 0 212 56 
029006.jpg 8 133 189 183 244 
029016.jpg 8 116 183 164 242 
029026.jpg 8 95 177 148 237 
029035.jpg 8 427 171 490 237 
029045.jpg 8 411 164 465 233 
029055.jpg 8 396 162 450 225 
029065.jpg 8 373 156 427 223 
029075.jpg 8 356 150 415 219 
029085.jpg 8 340 141 396 212 
029095.jpg 8 319 133 381 208 
029105.jpg 8 294 129 358 206 
029115.jpg 8 279 121 336 202 
029125.jpg 8 258 112 317 198 
029135.jpg 8 242 110 302 192 
029145.jpg 8 223 102 290 187 
029155.jpg 8 200 95 271 185 
029165.jpg 8 189 95 258 185 
029175.jpg 8 177 89 242 179 
029185.jpg 8 160 87 231 171 
029195.jpg 8 152 79 225 175 
029205.jpg 8 143 79 215 175 
029215.jpg 8 135 73 212 171 
029225.jpg 8 127 73 208 173 
029235.jpg 8 125 71 200 179 
029245.jpg 8 104 66 189 173 
029255.jpg 8 104 66 189 173 
029265.jpg 8 100 60 181 171 
029275.jpg 8 96 58 173 171 
029285.jpg 8 91 56 171 171 
029295.jpg 8 89 54 164 167 
029305.jpg 8 79 50 160 169 
029315.jpg 8 71 52 154 166 
029325.jpg 8 66 54 143 166 
029335.jpg 8 62 48 135 169 
029345.jpg 8 52 47 137 160 
029355.jpg 8 52 47 137 160 
029365.jpg 8 52 47 137 160 
029375.jpg 8 52 47 137 160 
029385.jpg 8 52 47 137 160 
029395.jpg 8 52 47 137 160 
029405.jpg 8 58 48 137 164 
029415.jpg 8 58 48 137 164 
029425.jpg 8 58 48 137 164 
029435.jpg 8 58 48 137 164 
029445.jpg 8 58 48 137 164 
029455.jpg 8 43 43 133 158 
029465.jpg 8 35 41 127 164 
029475.jpg 8 29 41 119 162 
029485.jpg 8 20 37 116 164 
029495.jpg 8 16 37 104 156 
029505.jpg 8 6 33 91 156 
029515.jpg 8 2 31 81 150 
029522.jpg 8 393 58 431 100 
029532.jpg 8 406 56 446 96 
029542.jpg 8 417 48 454 87 
029552.jpg 8 423 48 467 90 
029562.jpg 8 433 35 477 79 
029572.jpg 8 448 33 496 83 
029583.jpg 8 109 31 153 75 
029593.jpg 8 118 17 164 71 
029603.jpg 8 135 10 189 65 
029613.jpg 8 153 4 208 60 
029628.jpg 8 172 191 233 256 
029638.jpg 8 203 175 272 246 
029648.jpg 8 247 164 314 239 
029658.jpg 8 287 146 370 233 
029668.jpg 8 352 121 445 219 
029679.jpg 8 72 95 174 204 
029689.jpg 8 178 56 291 185 
029699.jpg 8 326 10 449 158 
029705.jpg 9 45 158 95 212 
029715.jpg 9 81 139 129 198 
029725.jpg 9 240 104 298 166 
029735.jpg 9 331 75 386 143 
029746.jpg 9 131 29 193 102 
029756.jpg 9 185 12 256 81 
029768.jpg 9 295 121 381 206 
029763.jpg 9 299 6 381 92 
029779.jpg 9 149 133 280 267 
029779.jpg 9 151 18 266 146 
029782.jpg 9 250 58 289 102 
029792.jpg 9 283 54 325 100 
029802.jpg 9 335 56 381 100 
029812.jpg 9 366 54 417 100 
029812.jpg 9 371 58 417 98 
029823.jpg 9 124 35 178 87 
029833.jpg 9 208 19 260 79 
029843.jpg 9 251 25 310 81 
029853.jpg 9 293 14 347 79 
029863.jpg 9 327 6 391 73 
029873.jpg 9 370 0 433 65 
029888.jpg 9 406 194 481 265 
029899.jpg 9 153 173 234 256 
029909.jpg 9 212 150 293 239 
029919.jpg 9 270 143 358 242 
029928.jpg 9 132 143 206 208 
029938.jpg 9 206 93 291 177 
029948.jpg 9 258 66 356 158 
029958.jpg 9 327 35 433 148 