001167.jpg 0 393 194 441 242 
001177.jpg 0 410 187 462 242 
001187.jpg 0 431 181 485 240 
001198.jpg 0 87 173 147 233 
001208.jpg 0 107 171 168 233 
001218.jpg 0 114 164 176 227 
001228.jpg 0 124 160 191 225 
001238.jpg 0 137 152 199 217 
001248.jpg 0 145 148 208 219 
001258.jpg 0 153 141 222 212 
001268.jpg 0 164 139 231 206 
001278.jpg 0 170 133 245 204 
001288.jpg 0 178 125 254 198 
001298.jpg 0 185 118 262 196 
001308.jpg 0 197 108 270 187 
001318.jpg 0 201 102 283 183 
001328.jpg 0 212 96 291 175 
001338.jpg 0 218 91 301 173 
001348.jpg 0 228 87 314 173 
001358.jpg 0 237 83 322 171 
001368.jpg 0 245 77 331 169 
001378.jpg 0 253 71 333 164 
001388.jpg 0 251 71 347 152 
001398.jpg 0 264 66 352 154 
001408.jpg 0 270 58 356 152 
001418.jpg 0 276 60 368 148 
001428.jpg 0 283 48 375 141 
001438.jpg 0 295 47 383 141 
001448.jpg 0 299 41 397 139 
001458.jpg 0 310 35 410 135 
001468.jpg 0 324 25 422 127 
001478.jpg 0 335 25 431 123 
001488.jpg 0 345 16 445 121 
001498.jpg 0 360 12 460 110 
001508.jpg 0 375 2 470 112 
001518.jpg 0 387 0 487 108 
001546.jpg 0 202 144 239 183 
001546.jpg 0 204 108 241 144 
001546.jpg 0 241 104 283 146 
001556.jpg 0 145 102 191 148 
001556.jpg 0 147 56 193 100 
001556.jpg 0 195 56 239 98 
001566.jpg 0 104 77 160 125 
001566.jpg 0 112 23 162 73 
001566.jpg 0 162 20 216 71 
001572.jpg 1 237 108 279 154 
001581.jpg 1 337 106 381 156 
001591.jpg 1 189 113 235 167 
001601.jpg 1 150 106 196 163 
001611.jpg 1 158 100 204 165 
001620.jpg 1 406 71 467 148 
001630.jpg 1 237 58 296 152 
001640.jpg 1 304 63 340 102 
001650.jpg 1 287 63 319 100 
001660.jpg 1 273 62 302 96 
001670.jpg 1 262 60 290 94 
001680.jpg 1 252 58 283 92 
001690.jpg 1 246 50 279 92 
001700.jpg 1 240 48 273 94 
001700.jpg 1 240 50 273 94 
001710.jpg 1 240 48 273 94 
001720.jpg 1 239 48 273 90 
001730.jpg 1 239 48 273 90 
001740.jpg 1 235 42 271 90 
001750.jpg 1 231 40 271 88 
001760.jpg 1 231 39 271 87 
001770.jpg 1 231 29 271 79 
001780.jpg 1 233 27 275 79 
001790.jpg 1 240 27 281 79 
001800.jpg 1 240 21 290 77 
001810.jpg 1 240 17 294 75 
001820.jpg 1 240 17 294 75 
001830.jpg 1 242 8 298 69 
001845.jpg 1 194 181 260 254 
001855.jpg 1 177 171 248 246 
001865.jpg 1 156 160 233 240 
001875.jpg 1 133 141 215 233 
001885.jpg 1 102 125 191 223 
001895.jpg 1 62 110 156 215 
001905.jpg 1 14 83 118 200 
001911.jpg 1 396 69 433 108 
001921.jpg 1 106 40 145 85 
001931.jpg 1 314 27 375 90 
001943.jpg 1 103 33 187 125 
001954.jpg 1 166 6 270 135 
001964.jpg 10 243 85 274 129 
001974.jpg 10 366 73 403 125 
001980.jpg 10 263 81 294 121 
001995.jpg 10 131 187 181 287 
002005.jpg 10 14 164 77 271 