001167 391 190 442 243 0 0.99903959
001177 409 186 462 241 0 0.99712461
001187 430 180 488 236 0 0.99347585
001198 89 175 149 230 0 0.9763158
001208 108 171 166 227 0 0.97947776
001218 115 166 180 220 0 0.99070215
001228 127 162 193 219 0 0.98894417
001238 135 154 203 219 0 0.94863105
001248 146 151 215 217 0 0.98744792
001258 155 146 223 209 0 0.99177539
001268 162 140 234 208 0 0.99566853
001278 171 133 244 203 0 0.99940324
001288 177 126 250 195 0 0.99850792
001298 184 120 261 192 0 0.99795806
001308 191 114 272 189 0 0.99927968
001318 201 108 278 182 0 0.99857354
001328 208 100 288 177 0 0.99936718
001338 217 96 299 175 0 0.99957341
001348 224 92 303 170 0 0.99900299
001358 235 88 311 167 0 0.99921453
001368 243 80 323 166 0 0.99925858
001378 249 74 328 159 0 0.99976796
001388 252 70 332 156 0 0.99955434
001398 261 64 346 153 0 0.99971145
001408 267 59 350 148 0 0.99991703
001418 274 54 356 146 0 0.99965489
001428 280 49 365 142 0 0.99957389
001438 289 47 376 140 0 0.99932134
001448 298 42 385 137 0 0.99952888
001458 309 35 398 132 0 0.99967468
001468 320 30 414 129 0 0.99894148
001478 330 24 421 122 0 0.9977349
001488 344 17 434 117 0 0.99734664
001498 354 14 445 114 0 0.99823976
001508 368 6 459 109 0 0.99347514
001518 381 3 474 103 0 0.99248487
001546 202 102 242 145 0 0.70406097
001546 243 103 284 145 0 0.3811202
001556 147 58 196 110 0 0.92632872
001556 192 58 240 108 0 0.8717196
001566 167 24 218 76 0 0.96703756
001566 110 23 162 80 0 0.94797361
001566 162 71 217 128 0 0.79386592
001566 109 73 163 128 0 0.66672164
001885 101 127 190 223 1 0.99493176
001895 65 110 159 218 1 0.98995155
001905 21 91 120 198 1 0.6738655
001911 395 68 430 106 1 0.91233218
001921 103 33 152 91 1 0.97676235
001931 308 17 370 93 1 0.98278219
001943 106 26 190 125 1 0.96416247
001943 105 20 186 126 5 0.39864317
001954 160 8 266 131 1 0.59524161
001954 163 1 275 139 26 0.33409798
002100 124 78 158 119 10 0.97775954
002110 86 81 122 124 10 0.96728647
002120 45 78 80 123 10 0.97795755
002130 4 78 36 123 10 0.98357511
003328 262 198 345 287 12 0.99849606
003338 291 184 382 279 12 0.99921298
003348 334 168 424 275 12 0.9979443
003358 380 158 473 263 12 0.99114406
003369 84 153 178 256 12 0.98803407
003379 148 129 245 254 12 0.91862118
003389 221 102 317 246 12 0.98336476
003399 312 74 406 239 12 0.99735034
003403 265 43 311 92 12 0.96159005
003413 297 34 347 88 12 0.99121547
003423 373 21 422 82 12 0.99669015
003434 156 90 191 132 26 0.88285494
003449 160 177 220 259 12 0.92129666
003457 436 219 497 279 26 0.74364752
003468 228 176 285 223 12 0.86782604
003468 229 219 290 279 26 0.44221461
003478 332 165 385 215 12 0.68463546
003478 333 214 396 281 26 0.37642369
003488 422 143 485 203 12 0.544586
003488 432 200 489 275 26 0.76953936
003499 211 112 284 188 12 0.90973657
003499 216 185 285 272 26 0.63959855
003509 359 77 432 169 12 0.90689045
003509 374 174 444 267 26 0.7452783
003521 305 9 367 71 12 0.99720865
003536 240 186 310 254 12 0.9971295
003546 208 176 282 250 12 0.99916804
003556 97 130 184 222 12 0.99918061
003568 213 204 275 267 6 0.94050038
003571 428 4 473 46 12 0.92315906
003571 429 43 463 93 26 0.87579548
003583 221 53 264 95 12 0.73334986