001167 391 190 442 243 0 0.99903959
001177 409 186 462 241 0 0.99712461
001187 430 180 488 236 0 0.99347585
001198 89 175 149 230 0 0.9763158
001208 108 171 166 227 0 0.97947776
001218 115 166 180 220 0 0.99070215
001228 127 162 193 219 0 0.98894417
001238 135 154 203 219 0 0.94863105
001248 146 151 215 217 0 0.98744792
001258 155 146 223 209 0 0.99177539
001268 162 140 234 208 0 0.99566853
001278 171 133 244 203 0 0.99940324
001288 177 126 250 195 0 0.99850792
001298 184 120 261 192 0 0.99795806
001308 191 114 272 189 0 0.99927968
001318 201 108 278 182 0 0.99857354
001328 208 100 288 177 0 0.99936718
001338 217 96 299 175 0 0.99957341
001348 224 92 303 170 0 0.99900299
001358 235 88 311 167 0 0.99921453
001368 243 80 323 166 0 0.99925858
001378 249 74 328 159 0 0.99976796
001388 252 70 332 156 0 0.99955434
001398 261 64 346 153 0 0.99971145
001408 267 59 350 148 0 0.99991703
001418 274 54 356 146 0 0.99965489
001428 280 49 365 142 0 0.99957389
001438 289 47 376 140 0 0.99932134
001448 298 42 385 137 0 0.99952888
001458 309 35 398 132 0 0.99967468
001468 320 30 414 129 0 0.99894148
001478 330 24 421 122 0 0.9977349
001488 344 17 434 117 0 0.99734664
001498 354 14 445 114 0 0.99823976
001508 368 6 459 109 0 0.99347514
001518 381 3 474 103 0 0.99248487
001546 202 102 242 145 0 0.70406097
001546 243 103 284 145 0 0.3811202
001556 147 58 196 110 0 0.92632872
001556 192 58 240 108 0 0.8717196
001566 167 24 218 76 0 0.96703756
001566 110 23 162 80 0 0.94797361
001566 162 71 217 128 0 0.79386592
001566 109 73 163 128 0 0.66672164
001885 101 127 190 223 1 0.99493176
001895 65 110 159 218 1 0.98995155
001905 21 91 120 198 1 0.6738655
001911 395 68 430 106 1 0.91233218
001921 103 33 152 91 1 0.97676235
001931 308 17 370 93 1 0.98278219
001943 106 26 190 125 1 0.96416247
001943 105 20 186 126 5 0.39864317
001954 160 8 266 131 1 0.59524161
001954 163 1 275 139 26 0.33409798
002100 124 78 158 119 10 0.97775954
002110 86 81 122 124 10 0.96728647
002120 45 78 80 123 10 0.97795755
002130 4 78 36 123 10 0.98357511
003328 262 198 345 287 12 0.99849606
003338 291 184 382 279 12 0.99921298
003348 334 168 424 275 12 0.9979443
003358 380 158 473 263 12 0.99114406
003369 84 153 178 256 12 0.98803407
003379 148 129 245 254 12 0.91862118
003389 221 102 317 246 12 0.98336476
003399 312 74 406 239 12 0.99735034
003403 265 43 311 92 12 0.96159005
003413 297 34 347 88 12 0.99121547
003423 373 21 422 82 12 0.99669015
003434 156 90 191 132 26 0.88285494
003449 160 177 220 259 12 0.92129666
003457 436 219 497 279 26 0.74364752
003468 228 176 285 223 12 0.86782604
003468 229 219 290 279 26 0.44221461
003478 332 165 385 215 12 0.68463546
003478 333 214 396 281 26 0.37642369
003488 422 143 485 203 12 0.544586
003488 432 200 489 275 26 0.76953936
003499 211 112 284 188 12 0.90973657
003499 216 185 285 272 26 0.63959855
003509 359 77 432 169 12 0.90689045
003509 374 174 444 267 26 0.7452783
003521 305 9 367 71 12 0.99720865
003536 240 186 310 254 12 0.9971295
003546 208 176 282 250 12 0.99916804
003556 97 130 184 222 12 0.99918061
003568 213 204 275 267 6 0.94050038
003571 428 4 473 46 12 0.92315906
003571 429 43 463 93 26 0.87579548
003583 221 53 264 95 12 0.73334986
003598 422 192 478 262 12 0.98921669
003609 257 152 319 241 12 0.99099815
003611 359 4 402 42 12 0.70874125
003611 358 38 398 91 26 0.82059723
005090 405 18 446 63 13 0.99986255
005100 397 16 437 59 13 0.9998678
005104 140 110 187 160 13 0.99896276
005110 386 12 430 55 13 0.99949563
005114 163 111 207 160 13 0.98810321
005120 372 8 419 52 13 0.99939239
005124 187 112 232 161 13 0.99714404
005124 412 88 473 166 2 0.31434655
005134 204 110 251 161 13 0.9996469
005134 441 94 487 167 2 0.57105005
005144 226 112 270 160 13 0.9537164
005154 250 109 295 163 13 0.98495299
005165 316 187 372 244 13 0.97243404
005164 270 109 314 162 13 0.98989248
005174 294 105 340 165 13 0.97771877
005185 283 181 341 237 13 0.98012495
005184 314 107 360 163 13 0.99537367
005195 268 174 324 234 13 0.97130042
005194 334 106 379 163 13 0.98884356
005204 355 107 401 167 13 0.95178515
005215 225 164 285 226 13 0.99253827
005214 375 107 422 168 13 0.98104089
005225 203 160 262 226 13 0.94185764
005224 393 108 442 166 13 0.95619416
005234 411 109 460 168 13 0.79127592
005245 147 149 211 214 13 0.992342
005244 438 109 480 177 13 0.90467834
005255 123 143 182 211 13 0.99520242
005265 90 133 151 209 13 0.99589741
005275 61 128 120 202 13 0.99732995
005285 22 126 87 198 13 0.99877137
005293 446 17 494 80 13 0.98578751
005304 152 6 207 75 13 0.99854749
005319 216 197 272 260 13 0.98347789
005329 401 169 460 251 13 0.99792993
005330 423 62 464 107 13 0.90117103
005340 314 45 358 94 13 0.99926478
005350 258 36 301 90 13 0.98318189
005360 190 20 240 85 13 0.99681735
005370 112 10 160 74 13 0.99316543
006495 52 127 119 223 4 0.96189761
006517 259 88 316 148 14 0.56841594
006527 268 5 339 79 14 0.99356753
006536 401 89 454 148 14 0.55180186
006546 390 62 445 124 14 0.40222469
006556 378 42 438 106 14 0.36174461
006573 270 6 310 57 14 0.63618636
006573 268 8 313 50 22 0.62258399
006588 295 191 338 242 14 0.80950707
006598 354 172 399 230 14 0.87689084
006608 426 156 479 218 14 0.38963145
006619 118 138 172 207 14 0.70868039
006629 224 111 281 188 14 0.80561686
006639 289 93 348 178 14 0.86427754
006649 364 67 424 163 14 0.64793557
006654 287 54 323 101 0 0.98136777
006654 285 143 329 195 0 0.97528559
006654 323 58 355 105 0 0.90891171
006665 169 102 224 185 14 0.8821975
006675 107 85 167 173 14 0.97321182
006685 43 66 113 161 14 0.98634934
006695 10 61 76 161 14 0.99856144
006706 294 148 337 184 14 0.64655644
006716 202 109 251 159 14 0.96182615
006726 118 76 173 132 14 0.40496686
006726 118 76 173 132 22 0.40169716
006735 411 54 469 114 14 0.57239574
006745 365 19 430 89 14 0.44303682
006755 338 6 407 76 14 0.71912706
006766 394 174 442 224 14 0.92408335
006766 399 226 439 276 4 0.79892659
006776 392 149 445 208 14 0.9691602
006776 395 212 441 262 4 0.57941288
006786 372 125 435 190 14 0.93853235
006796 285 66 365 150 14 0.99249542
006806 208 18 300 109 14 0.95474696
006806 204 116 295 218 4 0.44044587
006850 453 81 496 132 30 0.51402193
007153 276 32 350 111 17 0.99895442
007163 314 23 390 104 17 0.99533892
007173 361 12 436 96 17 0.98343486
007189 54 190 142 288 17 0.99873132
007199 118 176 212 279 17 0.97722787
007209 192 152 283 269 17 0.88155085
007209 189 166 286 275 30 0.35931
007219 288 144 387 252 17 0.40523854
007219 284 135 380 257 30 0.32705459
007329 232 166 265 211 18 0.91791505
007339 341 168 373 213 18 0.80502862
007349 447 169 479 214 18 0.60410714
007739 317 193 351 232 22 0.32578844
007759 458 172 494 222 22 0.37274715
007768 303 143 351 190 19 0.51926142
007768 341 144 386 189 6 0.97501057
007768 314 143 362 190 6 0.30283815
007778 446 120 493 172 3 0.75656253
007778 405 113 449 165 6 0.44224587
007789 329 134 367 182 28 0.44557881
007789 181 76 229 133 3 0.74032742
007789 135 71 186 124 6 0.75649375
008959 351 110 411 174 2 0.98791355
008969 405 104 467 172 2 0.94604033
008973 395 115 436 160 2 0.63410205
008983 394 116 438 160 2 0.97770363
008993 396 115 440 160 2 0.92159373
009003 403 110 446 159 2 0.78277797
009013 301 127 346 170 13 0.64064193
009013 410 113 452 160 2 0.90086317
009023 307 129 351 172 13 0.86148918
009023 415 116 455 160 2 0.43305677
009033 313 130 353 170 13 0.91209996
009033 425 114 467 162 2 0.85034615
009043 317 127 361 171 13 0.90474486
009043 433 112 474 163 2 0.42997831
009053 324 128 367 170 13 0.96800172
009063 329 125 371 169 13 0.91128314
009063 451 109 493 161 2 0.53540808
009074 112 112 155 162 2 0.81735271
009084 0 124 32 168 13 0.71688503
009084 123 107 171 162 2 0.33974239
009094 0 125 36 169 13 0.93928933
009094 129 108 176 163 2 0.71776497
009104 9 122 53 167 13 0.91594261
009104 157 104 204 163 2 0.41543162
009114 16 119 61 167 13 0.94853848
009114 170 104 219 162 2 0.51353222
009124 27 119 70 163 13 0.94772077
009124 186 103 231 161 2 0.39975631
009134 37 113 79 162 13 0.95893776
009144 47 112 92 162 13 0.99355447
009154 58 111 102 165 13 0.99334478
009164 74 111 117 162 13 0.99565804
009174 89 113 131 162 13 0.99969423
009184 104 112 148 161 13 0.9996233
009194 123 111 169 160 13 0.99865866
009204 140 110 187 160 13 0.99896276
009214 163 111 207 160 13 0.98810321
009224 187 112 232 161 13 0.99714404
009224 412 88 473 166 2 0.31434655
009234 204 110 251 161 13 0.9996469
009234 441 94 487 167 2 0.57105005
009369 345 173 393 227 20 0.99332821
009379 392 160 445 220 20 0.93011379
009389 452 149 498 218 20 0.83995104
009583 300 26 366 94 21 0.99741864
009593 359 5 437 82 21 0.99587232
009609 81 185 165 269 21 0.98974252
009619 192 159 279 252 21 0.85342938
009629 332 123 426 248 21 0.87626159
009996 287 80 342 136 22 0.99262458
010006 263 56 326 121 22 0.94964164
010016 206 18 276 80 22 0.9691813
010023 291 60 331 107 22 0.96787763
010033 408 39 456 91 22 0.94066197
010044 108 28 159 81 22 0.99620098
010054 171 21 223 77 22 0.99389207
010069 325 190 388 258 22 0.95083547
010079 428 176 487 254 22 0.9654268
010573 317 7 383 69 25 0.98834735
010583 328 1 393 68 25 0.97723651
010593 334 2 398 69 25 0.96892506
010608 344 194 412 261 25 0.82614672
010618 355 189 425 257 25 0.50276166
010628 370 182 443 257 25 0.70569307
010638 387 173 465 253 21 0.31757146
010638 393 172 465 252 25 0.57285428
010648 417 164 493 248 21 0.59812391
010648 421 166 496 250 25 0.38842347
010659 99 155 185 246 21 0.57767344
010659 101 156 185 245 25 0.31636396
010669 136 142 220 237 21 0.55781251
010679 185 146 273 246 21 0.39126605
010689 238 128 330 239 21 0.43462172
010709 404 99 489 219 21 0.56080461
011230 207 57 243 105 26 0.97651309
011240 449 57 491 102 26 0.98069865
011251 318 37 365 84 26 0.99585646
011262 234 21 288 74 26 0.99120855
011272 437 22 497 78 26 0.9646439
011283 229 19 286 81 26 0.98361915
011293 333 13 392 81 26 0.84469587
011303 433 6 494 78 26 0.96748769
011319 211 112 284 188 12 0.90973657
011319 216 185 285 272 26 0.63959855
011329 359 77 432 169 12 0.90689045
011329 374 174 444 267 26 0.7452783
011333 137 31 190 86 6 0.99955922
011341 428 4 473 46 12 0.92315906
011341 429 43 463 93 26 0.87579548
011351 359 4 402 42 12 0.70874125
011351 358 38 398 91 26 0.82059723
011498 332 68 464 199 27 0.97467017
011498 321 69 465 201 5 0.31660232
011509 58 35 207 176 27 0.98457319
011509 49 35 203 189 5 0.40898681
011519 170 2 331 150 26 0.34512725
011519 159 0 323 145 27 0.96767563
014939 210 133 270 230 28 0.97430688
014949 229 122 291 220 28 0.98858964
014949 0 0 50 51 3 0.38995677
014953 366 2 405 43 28 0.92280018
014968 381 198 414 240 28 0.65311223
014968 61 164 101 205 3 0.63694173
014978 390 190 424 232 28 0.71498901
014978 54 153 98 196 3 0.54306418
014988 404 180 439 227 28 0.43371409
014988 55 138 101 185 3 0.92515564
014998 413 171 452 221 28 0.55178452
014998 50 122 101 175 3 0.96674371
015008 433 156 475 210 28 0.37615353
015008 47 100 102 162 3 0.9769671
015019 97 146 142 202 28 0.59434944
015029 126 138 168 195 28 0.72418404
015032 282 21 315 58 3 0.63602602
015042 283 15 318 53 3 0.73093635
015052 439 13 474 53 28 0.32924762
015052 287 11 322 48 3 0.68569744
015062 293 7 328 43 3 0.78744084
015072 453 10 488 53 28 0.70766467
015072 295 4 330 42 3 0.88025093
015083 108 13 144 54 28 0.90361023
015093 112 6 154 49 28 0.97199708
015108 121 197 164 247 28 0.80524629
015118 133 195 175 242 28 0.90080625
015128 141 192 184 241 28 0.96191603
015138 148 187 192 234 28 0.95427644
015148 158 177 202 227 28 0.97916061
015158 166 166 210 223 28 0.96107304
015168 172 163 221 220 28 0.99398005
015178 188 158 239 213 28 0.9885366
015188 203 153 254 209 28 0.99657464
015198 219 152 266 207 28 0.99488801
015208 234 145 282 201 28 0.97011232
015218 249 136 297 195 28 0.98753303
015218 11 111 69 178 3 0.47013116
015228 264 135 313 193 28 0.98946267
015228 13 106 74 176 3 0.37400848
015238 276 130 331 189 28 0.94686508
015238 21 100 83 171 3 0.44847721
015248 290 107 346 174 28 0.85586196
015248 30 84 92 155 3 0.37934542
015258 299 83 355 149 28 0.85651571
015258 23 58 95 132 3 0.87914699
015268 318 90 383 168 28 0.80798084
015268 41 66 114 138 3 0.96303868
015278 337 85 400 161 28 0.92393517
015278 49 57 121 131 3 0.96334976
015288 341 73 406 149 28 0.957142
015288 39 49 117 126 3 0.98265243
015298 350 71 414 144 28 0.61315596
015298 40 35 119 113 3 0.98252827
015308 376 72 452 143 28 0.92965829
015308 59 22 144 104 3 0.97895175
015318 389 55 458 130 28 0.83447802
015318 61 3 146 87 3 0.98056084
015328 403 40 466 124 28 0.77535892
015328 59 0 150 77 3 0.98454928
015338 422 40 490 120 28 0.95861423
015338 71 0 167 67 3 0.99157661
015349 87 32 154 110 28 0.97543824
015359 118 19 186 97 28 0.99530596
015369 146 7 216 92 28 0.9942404
015379 177 1 248 84 28 0.99652147
015383 404 119 447 167 28 0.97736049
015393 398 110 447 162 28 0.96372432
015403 398 96 449 150 28 0.97807807
015423 399 80 454 140 28 0.98314363
015433 400 78 455 138 28 0.92622042
015443 402 76 458 140 28 0.91388124
015453 409 74 465 137 28 0.77355641
015463 412 71 468 135 28 0.95212597
015473 416 71 476 133 28 0.91637903
015483 424 66 484 132 28 0.91400331
015493 440 62 497 136 28 0.97004652
015504 98 65 164 134 28 0.97157526
015514 106 69 173 139 28 0.97811878
015524 131 65 197 135 28 0.99424922
015534 148 62 215 134 28 0.99616098
015544 164 59 230 130 28 0.99477357
015554 181 49 249 126 28 0.99656242
015564 200 45 270 125 28 0.99713397
015574 219 40 291 121 28 0.99843258
015584 239 36 311 119 28 0.99775428
015594 263 35 337 123 28 0.99658114
015604 284 28 365 118 28 0.99208355
015614 315 19 396 112 28 0.99273491
015624 347 29 431 124 28 0.98284894
015634 385 12 475 122 28 0.98134196
015644 414 6 500 121 28 0.99152702
015652 318 9 364 62 28 0.99796945
015662 332 0 382 50 28 0.99809724
015673 154 30 202 86 28 0.91212732
015673 22 71 57 112 3 0.76813793
015683 211 4 271 75 28 0.90547937
015683 37 58 79 109 3 0.97175646
015698 244 190 308 270 28 0.86341065
015698 49 255 90 306 3 0.7588101
015707 346 178 400 238 28 0.99267912
015718 277 181 349 267 28 0.98807037
015718 56 256 97 300 3 0.81648636
015728 372 144 458 248 28 0.99573767
015728 76 241 127 298 3 0.98473412
015739 79 132 164 236 28 0.99372959
015749 145 110 240 229 28 0.95917839
015759 310 74 415 194 28 0.98483986
015767 369 160 431 219 28 0.99414849
015778 116 72 206 161 28 0.99978536
019292 373 95 414 146 3 0.87718821
019302 369 92 408 143 3 0.92132676
019312 373 92 417 144 3 0.97506678
019322 378 88 424 142 3 0.97780401
019332 389 89 440 143 3 0.97790259
019342 405 84 458 141 3 0.98639792
019352 419 76 474 138 3 0.98573977
019363 93 74 154 139 3 0.99065512
019373 128 74 194 140 3 0.99813443
019383 162 63 230 138 3 0.99957258
019393 201 56 272 133 3 0.99836391
019403 235 48 313 133 3 0.99956673
019413 282 36 363 129 3 0.99732494
019423 335 27 421 125 3 0.99722409
019433 393 9 484 117 3 0.99409074
019449 106 201 212 311 3 0.99537933
019459 201 177 316 305 3 0.99880421
019467 416 172 453 210 3 0.60853618
019477 412 159 455 204 3 0.86262733
019487 405 148 450 193 3 0.82732499
019497 405 136 450 184 3 0.99000895
019507 402 121 451 175 3 0.99478602
019517 399 102 454 161 3 0.99217016
019527 400 81 459 145 3 0.96326792
019537 404 60 466 131 3 0.97309273
019547 409 43 477 110 3 0.98022467
019557 419 4 491 77 3 0.99191898
019562 282 21 315 58 3 0.63602602
019572 283 15 318 53 3 0.73093635
019582 439 13 474 53 28 0.32924762
019582 287 11 322 48 3 0.68569744
019597 292 203 325 243 3 0.59303957
019607 452 208 489 251 28 0.70760399
019607 295 202 332 242 3 0.82603145
019617 458 207 494 253 28 0.66230935
019617 301 201 334 240 3 0.84520984
019627 301 195 340 237 3 0.89171356
019637 300 188 344 236 3 0.84472966
019647 309 185 348 230 3 0.88366801
019657 313 182 350 226 3 0.74735707
019667 309 173 353 222 3 0.79544282
019677 312 159 359 214 3 0.86894804
019687 315 152 363 207 3 0.92058492
019697 321 142 370 198 3 0.59948283
019707 326 142 378 196 3 0.81914592
019717 336 132 389 190 3 0.83361661
019727 344 127 399 187 3 0.85743922
019737 353 120 413 183 3 0.94783449
019747 361 111 424 179 3 0.94505024
019757 370 108 433 176 3 0.97759432
019767 378 100 439 170 3 0.97141045
019777 385 85 446 155 3 0.87341481
019787 384 57 451 129 3 0.99374902
019797 397 68 466 136 3 0.99320108
019807 412 59 482 132 3 0.99272692
019817 401 51 474 127 3 0.99053812
019827 400 37 477 114 3 0.9887594
019838 376 72 452 143 28 0.92965829
019838 59 22 144 104 3 0.97895175
019848 389 55 458 130 28 0.83447802
019848 61 3 146 87 3 0.98056084
019858 403 40 466 124 28 0.77535892
019858 59 0 150 77 3 0.98454928
019862 303 8 339 51 3 0.3895759
019887 301 196 343 239 3 0.57380003
019897 306 190 347 238 3 0.7898038
019907 314 182 352 224 3 0.42360827
019917 312 174 357 222 3 0.89744127
019927 319 170 361 219 3 0.94801283
019937 327 165 367 214 3 0.40062889
019947 330 161 375 208 3 0.88967091
019957 340 148 385 202 3 0.82520854
019967 349 139 395 192 3 0.96166956
019977 358 127 406 180 3 0.91571063
019987 370 113 419 172 3 0.58836257
019997 376 103 430 160 3 0.69211924
020007 390 86 445 148 3 0.8494041
020017 417 50 487 118 3 0.78509563
020028 71 26 137 99 3 0.75851852
020042 387 56 431 108 3 0.94710022
020052 399 56 440 109 3 0.9021495
020062 409 52 453 108 3 0.98991114
020072 427 45 481 100 3 0.97894329
020082 443 38 493 94 3 0.89418358
020093 103 33 154 92 3 0.98811334
020103 118 27 175 87 3 0.99467766
020109 216 81 322 210 28 0.9513005
020113 133 21 187 83 3 0.95861512
020123 173 13 238 81 3 0.91951704
020138 296 171 372 262 3 0.99945813
020148 403 136 491 249 3 0.98822916
020159 199 88 290 225 3 0.88194847
020169 316 56 407 212 3 0.99548715
020596 417 162 475 222 30 0.99947196
020606 437 158 494 219 30 0.99873692
020617 106 157 164 216 30 0.99957675
020627 128 157 185 216 30 0.99835086
020637 152 156 210 219 30 0.99971062
020647 180 161 236 219 30 0.99952877
020657 212 159 270 218 30 0.99934512
020667 249 154 311 216 30 0.99757451
020677 289 150 351 214 30 0.99915123
020807 261 107 361 209 32 0.98802406
020818 130 57 262 178 26 0.46977806
020818 136 71 256 184 32 0.30126953
020829 166 1 297 144 26 0.66402572
021186 372 125 435 190 14 0.93853235
021196 285 66 365 150 14 0.99249542
021206 208 18 300 109 14 0.95474696
021206 204 116 295 218 4 0.44044587
021216 80 67 211 164 4 0.86336792
021220 465 75 500 114 4 0.93579578
021230 376 68 412 107 4 0.91438317
021240 232 59 268 103 4 0.92389631
021250 63 51 102 102 4 0.83518332
024401 332 66 371 109 5 0.99943095
024411 323 63 367 108 5 0.99571383
024421 311 57 356 101 5 0.99674231
024431 297 48 343 98 5 0.99992561
024441 284 36 331 88 5 0.99915004
024451 263 25 317 83 5 0.99992442
024461 234 6 292 67 5 0.99835455
024476 200 189 268 254 5 0.99893934
024486 152 167 228 244 5 0.99895501
024496 86 132 179 221 5 0.99774241
024505 357 82 459 184 5 0.99726945
024515 224 7 339 131 5 0.99296266
024521 155 0 239 39 8 0.87607121
024531 446 93 476 124 5 0.88792527
024541 443 89 472 123 5 0.8438201
024551 438 88 470 121 5 0.97722912
024561 435 85 465 120 5 0.96169549
024571 431 86 463 118 5 0.9786219
024581 429 81 462 118 5 0.98048359
024591 422 79 457 117 5 0.99256068
024601 416 77 449 113 5 0.98701596
024611 411 72 447 111 5 0.99216002
024621 404 70 441 108 5 0.98290563
024631 397 69 434 107 5 0.98626548
024641 388 67 428 110 5 0.9834621
024651 380 52 422 97 5 0.99626887
024661 375 39 421 84 5 0.99326479
024671 358 38 407 87 5 0.99879265
024681 344 50 395 100 5 0.99952912
024691 345 48 397 99 5 0.99985337
024701 323 27 378 84 5 0.99984396
024716 304 187 361 246 5 0.98969299
024726 288 181 348 243 5 0.9926151
024736 244 193 315 264 5 0.99909282
024741 221 3 297 77 5 0.99993622
024756 196 170 275 250 5 0.9999696
024766 139 125 226 214 5 0.99999034
024776 89 108 184 203 5 0.99985743
024786 62 116 159 222 5 0.99965453
024795 346 64 448 178 5 0.99058467
024801 389 92 426 125 5 0.30359644
024811 361 87 393 118 5 0.91468257
024821 351 84 386 118 5 0.82367474
024831 341 83 376 118 5 0.85292357
024841 330 82 364 118 5 0.93093276
024851 310 80 346 117 5 0.9283753
024861 300 78 336 117 5 0.87376338
024871 290 76 328 117 5 0.93526
024881 280 78 317 119 5 0.88714808
024891 270 76 308 115 5 0.90984392
024901 258 72 298 112 5 0.91563773
024911 247 66 288 109 5 0.87824941
024921 222 59 267 105 5 0.93157214
024931 212 59 254 102 5 0.9104352
024941 197 56 241 101 5 0.89430094
024951 185 50 230 96 5 0.9919458
024960 185 50 230 96 5 0.9919458
024971 118 42 165 90 5 0.95027506
024980 445 37 493 85 5 0.94244057
024990 392 29 443 79 5 0.99864239
025000 366 24 417 75 5 0.98966098
025010 333 21 388 73 5 0.99409097
025020 301 17 356 72 5 0.98914158
025030 269 10 322 69 5 0.98566204
025040 234 6 288 65 5 0.99763477
025050 199 3 252 59 5 0.99734539
025060 157 1 213 61 5 0.99097121
025075 119 192 173 254 5 0.97692502
025085 73 183 127 243 5 0.99380046
025095 22 173 77 246 5 0.99334937
025103 168 56 203 91 5 0.97762054
025112 352 31 395 75 5 0.99906117
025127 117 189 174 243 5 0.99456584
025136 351 164 410 227 5 0.99547809
025146 264 131 332 209 5 0.99859458
025156 185 93 263 180 5 0.99996078
025166 70 42 150 139 5 0.99992061
025175 349 17 438 121 5 0.99927026
027073 410 48 496 138 6 0.9917891
027084 108 51 193 137 6 0.99889636
027094 168 35 255 132 6 0.99919778
027104 239 28 334 136 6 0.99719328
027114 336 4 434 130 6 0.99309385
027123 387 59 459 134 6 0.77778822
027134 97 50 168 132 6 0.92956144
027144 164 36 253 131 6 0.96965361
027154 253 23 352 134 6 0.96960336
027164 363 9 483 127 6 0.99521047
027174 124 58 166 114 6 0.66948855
027202 299 36 344 79 6 0.97873223
027213 63 14 113 62 6 0.99038285
027228 192 186 251 240 6 0.95586061
027239 131 140 204 219 6 0.99051464
027249 279 118 359 205 6 0.99686819
027259 362 101 442 197 6 0.99686313
027263 137 31 190 86 6 0.99955922
027273 174 19 231 80 6 0.98915613
027283 217 8 276 64 6 0.98804092
027298 304 183 371 259 6 0.99983311
027308 384 142 464 235 6 0.9990871
027319 145 115 233 221 6 0.9861837
027329 297 59 399 205 6 0.98537827
027333 131 102 177 145 6 0.47118327
027342 401 97 445 138 6 0.81406212
027352 282 77 337 128 6 0.99692208
027362 265 52 323 113 6 0.94385481
027373 67 18 158 103 6 0.99783367
027383 174 5 275 114 6 0.97854596
027399 88 153 232 299 6 0.982822
027409 226 141 369 300 6 0.98259819
027412 187 64 233 114 6 0.99259627
027422 265 62 320 115 6 0.99786621
027432 357 54 416 119 6 0.99243599
027443 79 47 155 114 6 0.99668449
027453 164 30 254 114 6 0.99936348
027468 339 180 443 299 6 0.99175996
027479 217 171 340 314 6 0.99445373
027489 350 156 481 320 6 0.99861622
027493 127 94 169 137 6 0.85312361
027503 175 78 232 135 6 0.99477911
027513 7 3 42 43 0 0.86555636
027513 240 66 306 133 6 0.99833727
027523 365 44 442 124 6 0.99906033
027534 237 17 329 121 6 0.99737656
027544 353 5 447 124 6 0.99411511
028382 395 77 431 114 7 0.98467916
028392 408 80 447 118 7 0.99702841
028402 414 78 455 118 7 0.99055475
028412 424 73 466 113 7 0.98676425
028422 434 68 480 115 7 0.97387457
028432 444 62 492 108 7 0.99678922
028443 99 57 153 104 7 0.98340285
028453 112 48 167 99 7 0.97277617
028463 126 40 182 94 7 0.99042362
028473 144 34 208 98 7 0.99183512
028483 163 27 227 95 7 0.97682697
028493 181 18 251 92 7 0.99965847
028503 210 8 274 79 0 0.31478167
028503 200 11 277 85 7 0.99086738
028518 233 200 314 278 7 0.9989956
028528 308 167 403 256 7 0.99937302
028538 351 155 454 249 7 0.99099332
028549 58 135 171 243 7 0.78631359
028559 139 107 255 217 7 0.96891516
028569 233 64 361 186 7 0.98407102
028579 348 20 483 164 7 0.99136847
028584 55 122 86 154 3 0.58728462
028584 420 83 453 130 7 0.90941358
029485 25 46 111 156 8 0.99843997
029495 12 40 101 152 8 0.99142247
029505 5 39 90 149 8 0.99422354
029515 0 35 75 151 8 0.99795938
029522 394 58 430 94 7 0.3517541
029532 404 53 444 94 0 0.41509277
029532 404 57 440 92 7 0.61985666
029542 410 47 453 90 0 0.60766906
029542 409 50 449 87 7 0.69627094
029552 424 45 466 88 0 0.97469938
029552 422 49 463 87 7 0.33514756
029562 436 36 479 79 0 0.97365516
029572 448 36 490 80 0 0.83227038
029572 447 39 489 78 7 0.32795098
029583 107 32 153 76 0 0.96918046
029593 119 20 170 69 0 0.91380924
029603 136 12 189 64 0 0.93249804
029613 151 4 210 57 0 0.93768209
029628 177 194 236 252 7 0.38829777
029638 203 175 275 246 7 0.73574632
029648 239 164 316 239 7 0.88439822
029658 287 148 369 227 7 0.98290193
029668 352 122 442 216 7 0.95615041
029679 76 93 174 196 7 0.94618386
029689 180 49 284 182 7 0.97245425
029699 332 9 439 157 0 0.44371554
029699 324 23 440 149 7 0.73160362
029909 208 230 292 326 12 0.55991811
029909 208 151 291 240 9 0.96930504
029919 273 231 362 329 12 0.43950093
029919 270 146 358 237 9 0.96975559
029928 141 74 212 146 30 0.47106338
029938 202 91 292 179 9 0.96900171
029948 250 60 363 155 9 0.87873489
029958 329 25 440 157 0 0.34992445
029958 327 31 443 143 9 0.67939907
029958 329 141 450 266 9 0.58786768



